
manifold_lex_d2_n8_#1=[[1,2,3],[1,2,4],[1,3,4],[2,3,5],[2,4,5],[3,4,6],
  [3,5,6],[4,5,7],[4,6,7],[5,6,8],[5,7,8],[6,7,8]]

manifold_lex_d2_n8_#2=[[1,2,3],[1,2,4],[1,3,4],[2,3,5],[2,4,5],[3,4,6],
  [3,5,6],[4,5,7],[4,6,8],[4,7,8],[5,6,7],[6,7,8]]

manifold_lex_d2_n8_#3=[[1,2,3],[1,2,4],[1,3,4],[2,3,5],[2,4,5],[3,4,6],
  [3,5,6],[4,5,7],[4,6,8],[4,7,8],[5,6,8],[5,7,8]]

manifold_lex_d2_n8_#4=[[1,2,3],[1,2,4],[1,3,4],[2,3,5],[2,4,5],[3,4,6],
  [3,5,7],[3,6,7],[4,5,8],[4,6,7],[4,7,8],[5,7,8]]

manifold_lex_d2_n8_#5=[[1,2,3],[1,2,4],[1,3,4],[2,3,5],[2,4,5],[3,4,6],
  [3,5,7],[3,6,7],[4,5,8],[4,6,8],[5,6,7],[5,6,8]]

manifold_lex_d2_n8_#6=[[1,2,3],[1,2,4],[1,3,4],[2,3,5],[2,4,5],[3,4,6],
  [3,5,7],[3,6,7],[4,5,8],[4,6,8],[5,7,8],[6,7,8]]

manifold_lex_d2_n8_#7=[[1,2,3],[1,2,4],[1,3,4],[2,3,5],[2,4,5],[3,4,6],
  [3,5,7],[3,6,8],[3,7,8],[4,5,7],[4,6,8],[4,7,8]]

manifold_lex_d2_n8_#8=[[1,2,3],[1,2,4],[1,3,4],[2,3,5],[2,4,5],[3,4,6],
  [3,5,7],[3,6,8],[3,7,8],[4,5,8],[4,6,7],[4,7,8],[5,6,7],[5,6,8]]

manifold_lex_d2_n8_#9=[[1,2,3],[1,2,4],[1,3,4],[2,3,5],[2,4,6],[2,5,6],
  [3,4,7],[3,5,7],[4,6,7],[5,6,8],[5,7,8],[6,7,8]]

manifold_lex_d2_n8_#10=[[1,2,3],[1,2,4],[1,3,4],[2,3,5],[2,4,6],[2,5,6],
  [3,4,7],[3,5,7],[4,6,8],[4,7,8],[5,6,7],[6,7,8]]

manifold_lex_d2_n8_#11=[[1,2,3],[1,2,4],[1,3,4],[2,3,5],[2,4,6],[2,5,6],
  [3,4,7],[3,5,7],[4,6,8],[4,7,8],[5,6,8],[5,7,8]]

manifold_lex_d2_n8_#12=[[1,2,3],[1,2,4],[1,3,4],[2,3,5],[2,4,6],[2,5,6],
  [3,4,7],[3,5,8],[3,6,7],[3,6,8],[4,5,7],[4,5,8],[4,6,8],[5,6,7]]

manifold_lex_d2_n8_#13=[[1,2,3],[1,2,4],[1,3,4],[2,3,5],[2,4,6],[2,5,6],
  [3,4,7],[3,5,8],[3,6,7],[3,6,8],[4,6,8],[4,7,8],[5,6,7],[5,7,8]]

manifold_lex_d2_n8_#14=[[1,2,3],[1,2,4],[1,3,4],[2,3,5],[2,4,6],[2,5,6],
  [3,4,7],[3,5,8],[3,7,8],[4,6,8],[4,7,8],[5,6,8]]

manifold_lex_d2_n8_#15=[[1,2,3],[1,2,4],[1,3,4],[2,3,5],[2,4,6],[2,5,7],
  [2,6,7],[3,4,7],[3,5,6],[3,6,7],[4,5,6],[4,5,8],[4,7,8],[5,7,8]]

manifold_lex_d2_n8_#16=[[1,2,3],[1,2,4],[1,3,4],[2,3,5],[2,4,6],[2,5,7],
  [2,6,7],[3,4,7],[3,5,6],[3,6,7],[4,6,8],[4,7,8],[5,6,8],[5,7,8]]

manifold_lex_d2_n8_#17=[[1,2,3],[1,2,4],[1,3,4],[2,3,5],[2,4,6],[2,5,7],
  [2,6,7],[3,4,7],[3,5,8],[3,6,7],[3,6,8],[4,5,7],[4,5,8],[4,6,8]]

manifold_lex_d2_n8_#18=[[1,2,3],[1,2,4],[1,3,4],[2,3,5],[2,4,6],[2,5,7],
  [2,6,7],[3,4,7],[3,5,8],[3,6,7],[3,6,8],[4,6,8],[4,7,8],[5,7,8]]

manifold_lex_d2_n8_#19=[[1,2,3],[1,2,4],[1,3,4],[2,3,5],[2,4,6],[2,5,7],
  [2,6,7],[3,4,8],[3,5,6],[3,6,7],[3,7,8],[4,5,6],[4,5,7],[4,7,8]]

manifold_lex_d2_n8_#20=[[1,2,3],[1,2,4],[1,3,4],[2,3,5],[2,4,6],[2,5,7],
  [2,6,7],[3,4,8],[3,5,7],[3,7,8],[4,6,7],[4,7,8]]

manifold_lex_d2_n8_#21=[[1,2,3],[1,2,4],[1,3,4],[2,3,5],[2,4,6],[2,5,7],
  [2,6,8],[2,7,8],[3,4,7],[3,5,8],[3,6,7],[3,6,8],[4,5,6],[4,5,8],
  [4,7,8],[5,6,7]]

manifold_lex_d2_n8_#22=[[1,2,3],[1,2,4],[1,3,5],[1,4,5],[2,3,6],[2,4,6],
  [3,4,7],[3,4,8],[3,5,7],[3,6,8],[4,5,8],[4,6,7],[5,6,7],[5,6,8]]

manifold_lex_d2_n8_#23=[[1,2,3],[1,2,4],[1,3,5],[1,4,5],[2,3,6],[2,4,6],
  [3,4,7],[3,4,8],[3,5,7],[3,6,8],[4,5,8],[4,6,7],[5,7,8],[6,7,8]]

manifold_lex_d2_n8_#24=[[1,2,3],[1,2,4],[1,3,5],[1,4,5],[2,3,6],[2,4,6],
  [3,5,7],[3,6,7],[4,5,8],[4,6,8],[5,7,8],[6,7,8]]

manifold_lex_d2_n8_#25=[[1,2,3],[1,2,4],[1,3,5],[1,4,5],[2,3,6],[2,4,6],
  [3,5,7],[3,6,8],[3,7,8],[4,5,7],[4,6,8],[4,7,8]]

manifold_lex_d2_n8_#26=[[1,2,3],[1,2,4],[1,3,5],[1,4,5],[2,3,6],[2,4,6],
  [3,5,7],[3,6,8],[3,7,8],[4,5,8],[4,6,7],[4,7,8],[5,6,7],[5,6,8]]

manifold_lex_d2_n8_#27=[[1,2,3],[1,2,4],[1,3,5],[1,4,5],[2,3,6],[2,4,7],
  [2,5,6],[2,5,7],[3,4,6],[3,4,8],[3,5,7],[3,7,8],[4,5,8],[4,6,7],
  [5,6,8],[6,7,8]]

manifold_lex_d2_n8_#28=[[1,2,3],[1,2,4],[1,3,5],[1,4,5],[2,3,6],[2,4,7],
  [2,5,6],[2,5,7],[3,5,7],[3,6,7],[4,5,8],[4,7,8],[5,6,8],[6,7,8]]

manifold_lex_d2_n8_#29=[[1,2,3],[1,2,4],[1,3,5],[1,4,5],[2,3,6],[2,4,7],
  [2,5,6],[2,5,7],[3,5,7],[3,6,8],[3,7,8],[4,5,6],[4,6,8],[4,7,8]]

manifold_lex_d2_n8_#30=[[1,2,3],[1,2,4],[1,3,5],[1,4,5],[2,3,6],[2,4,7],
  [2,5,6],[2,5,7],[3,5,7],[3,6,8],[3,7,8],[4,5,8],[4,7,8],[5,6,8]]

manifold_lex_d2_n8_#31=[[1,2,3],[1,2,4],[1,3,5],[1,4,5],[2,3,6],[2,4,7],
  [2,5,6],[2,5,8],[2,7,8],[3,4,6],[3,4,8],[3,5,7],[3,7,8],[4,5,8],
  [4,6,7],[5,6,7]]

manifold_lex_d2_n8_#32=[[1,2,3],[1,2,4],[1,3,5],[1,4,5],[2,3,6],[2,4,7],
  [2,5,6],[2,5,8],[2,7,8],[3,5,7],[3,6,8],[3,7,8],[4,5,8],[4,6,7],
  [4,6,8],[5,6,7]]

manifold_lex_d2_n8_#33=[[1,2,3],[1,2,4],[1,3,5],[1,4,5],[2,3,6],[2,4,7],
  [2,6,7],[3,5,7],[3,6,8],[3,7,8],[4,5,8],[4,7,8],[5,6,7],[5,6,8]]

manifold_lex_d2_n8_#34=[[1,2,3],[1,2,4],[1,3,5],[1,4,6],[1,5,6],[2,3,6],
  [2,4,5],[2,5,6],[3,4,7],[3,4,8],[3,5,7],[3,6,8],[4,5,8],[4,6,7],
  [5,7,8],[6,7,8]]

manifold_lex_d2_n8_#35=[[1,2,3],[1,2,4],[1,3,5],[1,4,6],[1,5,6],[2,3,6],
  [2,4,5],[2,5,7],[2,6,7],[3,4,5],[3,4,8],[3,6,8],[4,6,7],[4,7,8],
  [5,6,8],[5,7,8]]

manifold_lex_d2_n8_#36=[[1,2,3],[1,2,4],[1,3,5],[1,4,6],[1,5,6],[2,3,6],
  [2,4,5],[2,5,7],[2,6,7],[3,5,7],[3,6,8],[3,7,8],[4,5,8],[4,6,7],
  [4,7,8],[5,6,8]]

manifold_lex_d2_n8_#37=[[1,2,3],[1,2,4],[1,3,5],[1,4,6],[1,5,6],[2,3,6],
  [2,4,5],[2,5,7],[2,6,8],[2,7,8],[3,4,5],[3,4,8],[3,6,7],[3,7,8],
  [4,6,8],[5,6,7]]

manifold_lex_d2_n8_#38=[[1,2,3],[1,2,4],[1,3,5],[1,4,6],[1,5,6],[2,3,6],
  [2,4,7],[2,5,6],[2,5,7],[3,4,7],[3,4,8],[3,5,8],[3,6,7],[4,6,8],
  [5,7,8],[6,7,8]]

manifold_lex_d2_n8_#39=[[1,2,3],[1,2,4],[1,3,5],[1,4,6],[1,5,6],[2,3,6],
  [2,4,7],[2,5,7],[2,5,8],[2,6,8],[3,4,7],[3,4,8],[3,5,8],[3,6,7],
  [4,6,8],[5,6,7]]

manifold_lex_d2_n8_#40=[[1,2,3],[1,2,4],[1,3,5],[1,4,6],[1,5,6],[2,3,6],
  [2,4,7],[2,5,7],[2,5,8],[2,6,8],[3,5,8],[3,6,7],[3,7,8],[4,6,8],
  [4,7,8],[5,6,7]]

manifold_lex_d2_n8_#41=[[1,2,3],[1,2,4],[1,3,5],[1,4,6],[1,5,6],[2,3,6],
  [2,4,7],[2,6,7],[3,5,8],[3,6,8],[4,6,8],[4,7,8],[5,6,7],[5,7,8]]

manifold_lex_d2_n8_#42=[[1,2,3],[1,2,4],[1,3,5],[1,4,6],[1,5,6],[2,3,6],
  [2,4,7],[2,6,8],[2,7,8],[3,5,8],[3,6,7],[3,7,8],[4,5,7],[4,5,8],
  [4,6,8],[5,6,7]]

manifold_lex_d2_n8_#43=[[1,2,3],[1,2,4],[1,3,5],[1,4,6],[1,5,7],[1,6,7],
  [2,3,6],[2,4,5],[2,5,8],[2,6,8],[3,5,8],[3,6,7],[3,7,8],[4,5,7],
  [4,6,8],[4,7,8]]
