Vertex 1:
2 3 4 5 6 7 
1 2 4 6 8 10 
1 2 3 4 5 6 
Vertex 2:
1 3 4 6 5 8 
1 3 5 13 15 17 
1 2 7 8 9 10 
Vertex 3:
1 2 5 6 8 7 
2 3 7 14 20 21 
1 3 7 11 12 13 
Vertex 4:
1 2 6 5 7 
4 5 9 16 23 
2 4 8 14 
Vertex 5:
1 3 7 2 4 8 
6 7 11 15 16 18 
3 5 8 9 11 14 
Vertex 6:
1 4 7 2 3 8 
8 9 12 13 14 19 
4 6 7 10 12 
Vertex 7:
1 5 6 3 8 4 
10 11 12 21 22 23 
5 6 12 13 14 
Vertex 8:
2 5 6 3 7 
17 18 19 20 22 
9 10 11 13 
Edge 1:
1 2 
2 3 4 5 6 8 10 13 15 17 
1 2 
Edge 2:
1 3 
1 3 4 6 7 8 10 14 20 21 
1 3 
Edge 3:
2 3 
2 1 5 7 13 14 15 17 20 21 
1 7 
Edge 4:
1 4 
1 2 5 6 8 9 10 16 23 
2 4 
Edge 5:
2 4 
4 1 3 9 13 15 16 17 23 
2 8 
Edge 6:
1 5 
1 2 4 7 8 10 11 15 16 18 
3 5 
Edge 7:
3 5 
6 2 3 11 14 15 16 18 20 21 
3 11 
Edge 8:
1 6 
1 2 4 6 9 10 12 13 14 19 
4 6 
Edge 9:
4 6 
8 4 5 12 13 14 16 19 23 
4 
Edge 10:
1 7 
1 2 4 6 8 11 12 21 22 23 
5 6 
Edge 11:
5 7 
10 6 7 12 15 16 18 21 22 23 
5 14 
Edge 12:
6 7 
10 11 8 9 13 14 19 21 22 23 
6 12 
Edge 13:
2 6 
8 9 12 1 3 5 14 15 17 19 
7 10 
Edge 14:
3 6 
8 9 12 13 2 3 7 19 20 21 
7 12 
Edge 15:
2 5 
6 7 11 1 3 5 13 16 17 18 
8 9 
Edge 17:
2 8 
1 3 5 13 15 18 19 20 22 
9 10 
Edge 16:
4 5 
6 7 11 15 4 5 9 18 23 
8 14 
Edge 19:
6 8 
17 18 8 9 12 13 14 20 22 
10 
Edge 18:
5 8 
17 6 7 11 15 16 19 20 22 
9 11 
Edge 21:
3 7 
10 11 12 2 3 7 14 20 22 23 
12 13 
Edge 20:
3 8 
17 18 19 2 3 7 14 21 22 
11 13 
Edge 23:
4 7 
10 11 12 21 22 4 5 9 16 
14 
Edge 22:
7 8 
17 18 19 20 10 11 12 21 23 
13 
Face 1:
1 2 3 
1 2 3 
2 3 7 
Face 2:
1 2 4 
1 4 5 
1 4 8 
Face 3:
1 3 5 
2 6 7 
1 5 11 
Face 4:
1 4 6 
4 8 9 
2 6 
Face 5:
1 5 7 
6 10 11 
3 6 14 
Face 6:
1 6 7 
8 10 12 
4 5 12 
Face 7:
2 3 6 
3 13 14 
1 10 12 
Face 8:
2 4 5 
5 15 16 
2 9 14 
Face 9:
2 5 8 
15 17 18 
8 10 11 
Face 10:
2 6 8 
13 17 19 
7 9 
Face 11:
3 5 8 
7 20 18 
3 9 13 
Face 12:
3 6 7 
14 21 12 
7 6 13 
Face 13:
3 7 8 
21 20 22 
12 11 
Face 14:
4 5 7 
16 23 11 
8 5 
