Vertex 1:
2 3 4 5 6 
1 2 4 6 8 
1 2 3 4 5 
Vertex 2:
1 3 4 6 
1 3 5 11 
1 2 6 
Vertex 3:
1 2 5 6 
2 3 7 12 
1 3 6 
Vertex 4:
1 2 6 
4 5 9 
2 4 
Vertex 5:
1 3 6 
6 7 10 
3 5 
Vertex 6:
1 4 5 2 3 
8 9 10 11 12 
4 5 6 
Edge 1:
1 2 
2 3 4 5 6 8 11 
1 2 
Edge 2:
1 3 
1 3 4 6 7 8 12 
1 3 
Edge 3:
2 3 
2 1 5 7 11 12 
1 6 
Edge 4:
1 4 
1 2 5 6 8 9 
2 4 
Edge 5:
2 4 
4 1 3 9 11 
2 
Edge 6:
1 5 
1 2 4 7 8 10 
3 5 
Edge 7:
3 5 
6 2 3 10 12 
3 
Edge 8:
1 6 
1 2 4 6 9 10 11 12 
4 5 
Edge 9:
4 6 
8 4 5 10 11 12 
4 
Edge 10:
5 6 
8 9 6 7 11 12 
5 
Edge 11:
2 6 
8 9 10 1 3 5 12 
6 
Edge 12:
3 6 
8 9 10 11 2 3 7 
6 
Face 1:
1 2 3 
1 2 3 
2 3 6 
Face 2:
1 2 4 
1 4 5 
1 4 
Face 3:
1 3 5 
2 6 7 
1 5 
Face 4:
1 4 6 
4 8 9 
2 5 
Face 5:
1 5 6 
6 8 10 
3 4 
Face 6:
2 3 6 
3 11 12 
1 
