Vertex 1:
2 3 4 5 
1 2 4 6 
1 2 3 4 
Vertex 2:
1 3 4 6 7 5 
1 3 5 9 11 13 
1 2 5 6 7 8 
Vertex 3:
1 2 5 6 4 8 7 
2 3 7 10 16 18 20 
1 3 5 9 10 11 12 
Vertex 4:
1 2 5 7 3 6 8 
4 5 8 12 16 17 19 
2 4 6 9 10 13 14 
Vertex 5:
1 3 4 2 6 7 8 
6 7 8 13 14 15 22 
3 4 7 8 11 13 
Vertex 6:
2 3 5 4 7 
9 10 14 17 23 
5 7 9 14 
Vertex 7:
2 4 5 3 8 6 
11 12 15 20 21 23 
6 8 11 12 14 
Vertex 8:
3 4 7 5 
18 19 21 22 
10 12 13 
Edge 1:
1 2 
2 3 4 5 6 9 11 13 
1 2 
Edge 2:
1 3 
1 3 4 6 7 10 16 18 20 
1 3 
Edge 3:
2 3 
2 1 5 7 9 10 11 13 16 18 20 
1 5 
Edge 4:
1 4 
1 2 5 6 8 12 16 17 19 
2 4 
Edge 5:
2 4 
4 1 3 8 9 11 12 13 16 17 19 
2 6 
Edge 6:
1 5 
1 2 4 7 8 13 14 15 22 
3 4 
Edge 7:
3 5 
6 2 3 8 10 13 14 15 16 18 20 22 
3 11 
Edge 8:
4 5 
6 7 4 5 12 13 14 15 16 17 19 22 
4 13 
Edge 9:
2 6 
1 3 5 10 11 13 14 17 23 
5 7 
Edge 10:
3 6 
9 2 3 7 14 16 17 18 20 23 
5 9 
Edge 11:
2 7 
1 3 5 9 12 13 15 20 21 23 
6 8 
Edge 12:
4 7 
11 4 5 8 15 16 17 19 20 21 23 
6 14 
Edge 13:
2 5 
6 7 8 1 3 5 9 11 14 15 22 
7 8 
Edge 14:
5 6 
9 10 6 7 8 13 15 17 22 23 
7 
Edge 15:
5 7 
11 12 6 7 8 13 14 20 21 22 23 
8 11 
Edge 17:
4 6 
9 10 14 4 5 8 12 16 19 23 
9 14 
Edge 16:
3 4 
4 5 8 12 2 3 7 10 17 18 19 20 
9 10 
Edge 19:
4 8 
18 4 5 8 12 16 17 21 22 
10 13 
Edge 18:
3 8 
2 3 7 10 16 19 20 21 22 
10 12 
Edge 21:
7 8 
18 19 11 12 15 20 22 23 
12 
Edge 20:
3 7 
11 12 15 2 3 7 10 16 18 21 23 
11 12 
Edge 23:
6 7 
11 12 15 20 21 9 10 14 17 
14 
Edge 22:
5 8 
18 19 21 6 7 8 13 14 15 
13 
Face 1:
1 2 3 
1 2 3 
2 3 5 
Face 2:
1 2 4 
1 4 5 
1 4 6 
Face 3:
1 3 5 
2 6 7 
1 4 11 
Face 4:
1 4 5 
4 6 8 
2 3 13 
Face 5:
2 3 6 
3 9 10 
1 7 9 
Face 6:
2 4 7 
5 11 12 
2 8 14 
Face 7:
2 5 6 
13 9 14 
5 8 
Face 8:
2 5 7 
13 11 15 
7 6 11 
Face 9:
3 4 6 
16 10 17 
5 10 14 
Face 10:
3 4 8 
16 18 19 
9 12 13 
Face 11:
3 5 7 
7 20 15 
3 8 12 
Face 12:
3 7 8 
20 18 21 
11 10 
Face 13:
4 5 8 
8 19 22 
4 10 
Face 14:
4 6 7 
17 12 23 
9 6 
