Vertex 1:
2 3 4 5 
1 2 4 6 
1 2 3 4 
Vertex 2:
1 3 4 6 7 5 8 
1 3 5 9 11 13 15 
1 2 5 6 7 8 9 
Vertex 3:
1 2 5 6 4 8 7 
2 3 7 10 18 20 22 
1 3 5 10 11 12 13 
Vertex 4:
1 2 5 7 3 6 8 
4 5 8 12 18 19 21 
2 4 6 10 11 14 
Vertex 5:
1 3 4 2 6 8 7 
6 7 8 13 14 16 23 
3 4 7 8 12 14 
Vertex 6:
2 3 5 4 
9 10 14 19 
5 7 10 
Vertex 7:
2 4 8 3 5 
11 12 17 22 23 
6 9 12 13 
Vertex 8:
2 5 7 3 4 
15 16 17 20 21 
8 9 11 13 14 
Edge 1:
1 2 
2 3 4 5 6 9 11 13 15 
1 2 
Edge 2:
1 3 
1 3 4 6 7 10 18 20 22 
1 3 
Edge 3:
2 3 
2 1 5 7 9 10 11 13 15 18 20 22 
1 5 
Edge 4:
1 4 
1 2 5 6 8 12 18 19 21 
2 4 
Edge 5:
2 4 
4 1 3 8 9 11 12 13 15 18 19 21 
2 6 
Edge 6:
1 5 
1 2 4 7 8 13 14 16 23 
3 4 
Edge 7:
3 5 
6 2 3 8 10 13 14 16 18 20 22 23 
3 12 
Edge 8:
4 5 
6 7 4 5 12 13 14 16 18 19 21 23 
4 14 
Edge 9:
2 6 
1 3 5 10 11 13 14 15 19 
5 7 
Edge 10:
3 6 
9 2 3 7 14 18 19 20 22 
5 10 
Edge 11:
2 7 
1 3 5 9 12 13 15 17 22 23 
6 9 
Edge 12:
4 7 
11 4 5 8 17 18 19 21 22 23 
6 
Edge 13:
2 5 
6 7 8 1 3 5 9 11 14 15 16 23 
7 8 
Edge 14:
5 6 
9 10 6 7 8 13 16 19 23 
7 
Edge 15:
2 8 
1 3 5 9 11 13 16 17 20 21 
8 9 
Edge 17:
7 8 
15 16 11 12 20 21 22 23 
9 13 
Edge 16:
5 8 
15 6 7 8 13 14 17 20 21 23 
8 14 
Edge 19:
4 6 
9 10 14 4 5 8 12 18 21 
10 
Edge 18:
3 4 
4 5 8 12 2 3 7 10 19 20 21 22 
10 11 
Edge 21:
4 8 
15 16 17 20 4 5 8 12 18 19 
11 14 
Edge 20:
3 8 
15 16 17 2 3 7 10 18 21 22 
11 13 
Edge 23:
5 7 
11 12 17 22 6 7 8 13 14 16 
12 
Edge 22:
3 7 
11 12 17 2 3 7 10 18 20 23 
12 13 
Face 1:
1 2 3 
1 2 3 
2 3 5 
Face 2:
1 2 4 
1 4 5 
1 4 6 
Face 3:
1 3 5 
2 6 7 
1 4 12 
Face 4:
1 4 5 
4 6 8 
2 3 14 
Face 5:
2 3 6 
3 9 10 
1 7 10 
Face 6:
2 4 7 
5 11 12 
2 9 
Face 7:
2 5 6 
13 9 14 
5 8 
Face 8:
2 5 8 
13 15 16 
7 9 14 
Face 9:
2 7 8 
11 15 17 
6 8 13 
Face 10:
3 4 6 
18 10 19 
5 11 
Face 11:
3 4 8 
18 20 21 
10 13 14 
Face 12:
3 5 7 
7 22 23 
3 13 
Face 13:
3 7 8 
22 20 17 
12 11 9 
Face 14:
4 5 8 
8 21 16 
4 11 8 
