Vertex 1:
2 3 4 5 
1 2 4 6 
1 2 3 4 
Vertex 2:
1 3 4 6 7 5 8 
1 3 5 9 11 13 15 
1 2 5 6 7 8 9 
Vertex 3:
1 2 5 6 7 8 
2 3 7 10 18 20 
1 3 5 10 11 12 
Vertex 4:
1 2 5 7 8 6 
4 5 8 12 22 23 
2 4 6 13 14 
Vertex 5:
1 3 4 2 6 8 7 
6 7 8 13 14 16 19 
3 4 7 8 10 13 
Vertex 6:
2 3 5 8 4 7 
9 10 14 21 23 24 
5 7 11 14 
Vertex 7:
2 4 8 3 5 6 
11 12 17 18 19 24 
6 9 10 12 14 
Vertex 8:
2 5 7 3 6 4 
15 16 17 20 21 22 
8 9 11 12 13 
Edge 1:
1 2 
2 3 4 5 6 9 11 13 15 
1 2 
Edge 2:
1 3 
1 3 4 6 7 10 18 20 
1 3 
Edge 3:
2 3 
2 1 5 7 9 10 11 13 15 18 20 
1 5 
Edge 4:
1 4 
1 2 5 6 8 12 22 23 
2 4 
Edge 5:
2 4 
4 1 3 8 9 11 12 13 15 22 23 
2 6 
Edge 6:
1 5 
1 2 4 7 8 13 14 16 19 
3 4 
Edge 7:
3 5 
6 2 3 8 10 13 14 16 18 19 20 
3 10 
Edge 8:
4 5 
6 7 4 5 12 13 14 16 19 22 23 
4 13 
Edge 9:
2 6 
1 3 5 10 11 13 14 15 21 23 24 
5 7 
Edge 10:
3 6 
9 2 3 7 14 18 20 21 23 24 
5 11 
Edge 11:
2 7 
1 3 5 9 12 13 15 17 18 19 24 
6 9 
Edge 12:
4 7 
11 4 5 8 17 18 19 22 23 24 
6 14 
Edge 13:
2 5 
6 7 8 1 3 5 9 11 14 15 16 19 
7 8 
Edge 14:
5 6 
9 10 6 7 8 13 16 19 21 23 24 
7 
Edge 15:
2 8 
1 3 5 9 11 13 16 17 20 21 22 
8 9 
Edge 17:
7 8 
15 16 11 12 18 19 20 21 22 24 
9 12 
Edge 16:
5 8 
15 6 7 8 13 14 17 19 20 21 22 
8 13 
Edge 19:
5 7 
11 12 17 18 6 7 8 13 14 16 24 
10 
Edge 18:
3 7 
11 12 17 2 3 7 10 19 20 24 
10 12 
Edge 21:
6 8 
15 16 17 20 9 10 14 22 23 24 
11 
Edge 20:
3 8 
15 16 17 2 3 7 10 18 21 22 
11 12 
Edge 23:
4 6 
9 10 14 21 4 5 8 12 22 24 
14 
Edge 22:
4 8 
15 16 17 20 21 4 5 8 12 23 
13 
Edge 24:
6 7 
11 12 17 18 19 9 10 14 21 23 
14 
Face 1:
1 2 3 
1 2 3 
2 3 5 
Face 2:
1 2 4 
1 4 5 
1 4 6 
Face 3:
1 3 5 
2 6 7 
1 4 10 
Face 4:
1 4 5 
4 6 8 
2 3 13 
Face 5:
2 3 6 
3 9 10 
1 7 11 
Face 6:
2 4 7 
5 11 12 
2 9 14 
Face 7:
2 5 6 
13 9 14 
5 8 
Face 8:
2 5 8 
13 15 16 
7 9 13 
Face 9:
2 7 8 
11 15 17 
6 8 12 
Face 10:
3 5 7 
7 18 19 
3 12 
Face 11:
3 6 8 
10 20 21 
5 12 
Face 12:
3 7 8 
18 20 17 
10 11 9 
Face 13:
4 5 8 
8 22 16 
4 8 
Face 14:
4 6 7 
23 12 24 
6 
