Vertex 1:
2 3 4 
1 2 4 
1 2 3 
Vertex 2:
1 3 4 5 
1 3 5 7 
1 2 4 5 
Vertex 3:
1 2 4 5 
2 3 6 8 
1 3 4 6 
Vertex 4:
1 2 3 5 
4 5 6 9 
2 3 5 6 
Vertex 5:
2 3 4 
7 8 9 
4 5 6 
Edge 1:
1 2 
2 3 4 5 7 
1 2 
Edge 2:
1 3 
1 3 4 6 8 
1 3 
Edge 3:
2 3 
2 1 5 6 7 8 
1 4 
Edge 4:
1 4 
1 2 5 6 9 
2 3 
Edge 5:
2 4 
4 1 3 6 7 9 
2 5 
Edge 6:
3 4 
4 5 2 3 8 9 
3 6 
Edge 7:
2 5 
1 3 5 8 9 
4 5 
Edge 8:
3 5 
7 2 3 6 9 
4 6 
Edge 9:
4 5 
7 8 4 5 6 
5 6 
Face 1:
1 2 3 
1 2 3 
2 3 4 
Face 2:
1 2 4 
1 4 5 
1 3 5 
Face 3:
1 3 4 
2 4 6 
1 2 6 
Face 4:
2 3 5 
3 7 8 
1 5 6 
Face 5:
2 4 5 
5 7 9 
2 4 6 
Face 6:
3 4 5 
6 8 9 
3 4 5 
