Vertex 1:
2 3 4 5 6 
1 2 4 6 8 
1 2 3 4 5 
Vertex 2:
1 3 4 6 5 
1 3 5 11 13 
1 2 6 7 8 
Vertex 3:
1 2 5 6 4 7 8 
2 3 7 12 15 16 18 
1 3 6 9 10 11 12 
Vertex 4:
1 2 6 5 3 7 8 
4 5 9 14 15 17 19 
2 4 7 9 10 13 14 
Vertex 5:
1 3 6 2 4 7 8 
6 7 10 13 14 20 22 
3 5 7 8 11 13 
Vertex 6:
1 4 5 2 3 8 7 
8 9 10 11 12 21 23 
4 5 6 8 12 14 
Vertex 7:
3 4 5 6 
16 17 20 23 
9 11 14 
Vertex 8:
3 4 6 5 
18 19 21 22 
10 12 13 
Edge 1:
1 2 
2 3 4 5 6 8 11 13 
1 2 
Edge 2:
1 3 
1 3 4 6 7 8 12 15 16 18 
1 3 
Edge 3:
2 3 
2 1 5 7 11 12 13 15 16 18 
1 6 
Edge 4:
1 4 
1 2 5 6 8 9 14 15 17 19 
2 4 
Edge 5:
2 4 
4 1 3 9 11 13 14 15 17 19 
2 7 
Edge 6:
1 5 
1 2 4 7 8 10 13 14 20 22 
3 5 
Edge 7:
3 5 
6 2 3 10 12 13 14 15 16 18 20 22 
3 11 
Edge 8:
1 6 
1 2 4 6 9 10 11 12 21 23 
4 5 
Edge 9:
4 6 
8 4 5 10 11 12 14 15 17 19 21 23 
4 14 
Edge 10:
5 6 
8 9 6 7 11 12 13 14 20 21 22 23 
5 8 
Edge 11:
2 6 
8 9 10 1 3 5 12 13 21 23 
6 8 
Edge 12:
3 6 
8 9 10 11 2 3 7 15 16 18 21 23 
6 12 
Edge 13:
2 5 
6 7 10 1 3 5 11 14 20 22 
7 8 
Edge 14:
4 5 
6 7 10 13 4 5 9 15 17 19 20 22 
7 13 
Edge 15:
3 4 
4 5 9 14 2 3 7 12 16 17 18 19 
9 10 
Edge 17:
4 7 
16 4 5 9 14 15 19 20 23 
9 14 
Edge 16:
3 7 
2 3 7 12 15 17 18 20 23 
9 11 
Edge 19:
4 8 
18 4 5 9 14 15 17 21 22 
10 13 
Edge 18:
3 8 
2 3 7 12 15 16 19 21 22 
10 12 
Edge 21:
6 8 
18 19 8 9 10 11 12 22 23 
12 
Edge 20:
5 7 
16 17 6 7 10 13 14 22 23 
11 
Edge 23:
6 7 
16 17 20 8 9 10 11 12 21 
14 
Edge 22:
5 8 
18 19 21 6 7 10 13 14 20 
13 
Face 1:
1 2 3 
1 2 3 
2 3 6 
Face 2:
1 2 4 
1 4 5 
1 4 7 
Face 3:
1 3 5 
2 6 7 
1 5 11 
Face 4:
1 4 6 
4 8 9 
2 5 14 
Face 5:
1 5 6 
6 8 10 
3 4 8 
Face 6:
2 3 6 
3 11 12 
1 8 12 
Face 7:
2 4 5 
5 13 14 
2 8 13 
Face 8:
2 5 6 
13 11 10 
7 6 5 
Face 9:
3 4 7 
15 16 17 
10 11 14 
Face 10:
3 4 8 
15 18 19 
9 12 13 
Face 11:
3 5 7 
7 16 20 
3 9 
Face 12:
3 6 8 
12 18 21 
6 10 
Face 13:
4 5 8 
14 19 22 
7 10 
Face 14:
4 6 7 
9 17 23 
4 9 
