Vertex: 1
2 3 4 5 6 7 8 9 
1 2 3 7 10 14 18 22 
1 2 3 5 6 8 9 11 13 14 16 18 19 21 23 24 26 28 
1 2 3 4 5 6 7 8 9 10 11 12 
Vertex: 2
1 3 4 5 6 8 9 10 11 12 13 14 15 16 
1 4 5 8 11 27 30 34 38 41 44 48 53 58 
1 2 4 5 7 8 10 12 31 32 34 35 37 39 40 42 44 45 47 48 50 51 53 55 56 58 60 62 63 65 67 69 70 72 74 76 
1 2 3 4 13 14 15 16 17 18 19 20 21 22 23 24 25 26 27 28 29 30 31 32 
Vertex: 3
1 2 4 5 7 8 9 10 11 12 13 14 15 16 
2 4 6 9 15 28 31 64 67 70 73 77 80 83 
1 3 4 6 7 13 15 17 31 33 34 36 38 79 80 82 83 85 86 88 90 91 93 95 96 98 100 101 103 105 107 108 110 111 112 114 
1 2 5 6 13 14 15 33 34 35 36 37 38 39 40 41 42 43 44 45 46 47 48 49 
Vertex: 4
1 2 3 5 6 7 8 9 10 11 12 13 14 15 16 
3 5 6 12 16 19 29 35 65 68 71 87 88 91 96 
2 3 4 9 10 14 15 18 20 22 32 33 39 41 43 79 81 82 84 85 87 89 117 118 119 120 121 123 124 125 126 128 131 133 136 137 139 141 142 
1 3 5 7 8 13 16 17 33 34 35 36 50 51 52 53 54 55 56 57 58 59 60 61 62 63 
Vertex: 5
1 2 3 4 6 7 8 9 10 11 12 13 14 15 16 
7 8 9 13 17 23 32 39 42 45 74 87 89 92 94 
5 6 7 11 12 16 17 23 25 27 35 36 44 46 47 49 50 52 54 90 92 94 117 118 120 122 123 125 127 128 129 130 145 147 148 150 152 154 157 
2 4 6 9 10 14 18 19 20 21 37 38 50 51 52 53 54 55 64 65 66 67 68 69 70 71 
Vertex: 6
1 2 4 5 7 8 9 11 12 13 14 15 
10 11 12 13 20 24 36 40 49 95 103 105 
8 9 10 11 12 19 20 24 25 29 40 41 45 46 55 57 59 131 132 134 146 159 160 161 162 164 165 167 169 170 
3 4 7 9 11 16 18 22 23 56 57 64 72 73 74 75 76 77 78 79 
Vertex: 7
1 3 4 5 6 8 9 10 11 12 13 14 15 16 
14 15 16 17 21 25 66 75 78 100 103 104 106 107 
13 14 15 16 17 21 22 26 27 30 80 81 91 92 95 97 99 135 147 149 151 159 160 161 162 163 164 166 168 171 172 173 175 177 179 180 
5 6 8 10 12 33 37 39 40 58 65 66 72 73 74 75 76 80 81 82 83 84 85 86 
Vertex: 8
1 2 3 4 5 6 7 9 10 11 12 13 14 15 16 
18 19 20 21 26 41 42 43 46 52 54 80 81 82 90 
18 19 20 21 22 28 29 30 47 48 49 51 52 60 61 62 64 66 100 101 102 103 104 105 106 107 109 110 117 119 121 122 132 135 153 169 171 174 182 
7 8 11 12 19 20 24 25 26 41 42 43 44 45 46 50 51 56 58 67 77 78 80 81 87 88 
Vertex: 9
1 2 3 4 5 6 7 8 10 11 12 13 14 15 16 
22 23 24 25 26 27 28 29 33 37 57 59 69 97 101 
23 24 25 26 27 28 29 30 31 32 33 37 38 42 43 67 68 69 71 73 83 84 100 102 104 136 138 140 145 146 148 149 154 155 156 170 172 176 185 
9 10 11 12 13 15 17 27 28 29 34 41 42 59 60 64 65 68 69 77 79 80 82 89 90 91 
Vertex: 10
2 3 4 5 7 8 9 11 12 13 14 15 16 
30 31 32 33 47 76 81 91 93 99 107 108 109 
34 35 36 37 38 53 54 68 93 94 101 102 106 123 124 126 127 141 143 144 158 171 172 173 174 175 176 177 178 179 181 183 186 
14 15 21 27 38 41 43 52 53 61 62 70 80 81 82 83 84 85 87 89 92 93 
Vertex: 11
2 3 4 5 6 7 8 9 10 12 13 14 15 16 
34 35 36 37 50 60 62 73 74 75 76 79 82 84 
39 40 41 42 43 56 57 70 71 74 75 77 90 91 92 93 94 96 97 105 106 108 109 113 133 134 137 138 150 151 157 158 159 182 183 184 
16 17 22 28 30 31 37 38 39 43 44 47 57 59 63 66 70 71 72 73 87 88 90 92 
Vertex: 12
2 3 4 5 6 7 8 9 10 11 13 14 15 16 
38 39 40 43 51 83 84 85 96 97 98 99 102 104 
44 45 46 48 49 58 59 61 107 108 109 111 112 113 115 136 137 138 139 140 141 142 143 144 145 146 152 153 155 162 163 165 166 177 178 184 
18 19 23 24 44 45 47 48 59 60 61 62 63 64 67 68 74 75 79 83 84 88 90 93 
Vertex: 13
2 3 4 5 6 7 8 9 10 11 12 14 15 16 
44 45 46 47 55 57 61 77 78 79 85 86 88 95 
50 51 52 53 54 63 64 67 68 72 73 78 95 96 97 98 99 112 113 114 115 116 118 119 124 131 132 133 134 142 143 160 167 168 185 186 
20 21 25 27 29 32 39 40 47 48 49 50 52 56 57 61 63 72 76 78 86 89 91 93 
Vertex: 14
2 3 4 5 6 7 8 9 10 11 12 13 15 16 
48 49 50 51 52 56 70 71 72 86 94 100 101 109 
55 56 57 58 59 60 61 65 66 75 85 86 87 88 89 110 111 114 115 116 128 129 130 147 148 149 150 151 156 161 163 175 176 178 185 186 
22 23 24 26 30 35 36 45 46 48 49 54 55 65 66 69 71 73 74 82 83 89 91 93 
Vertex: 15
2 3 4 5 6 7 8 9 10 11 12 13 14 16 
53 54 55 56 62 63 67 68 69 92 93 98 105 106 
62 63 64 65 66 74 75 76 77 78 82 83 84 86 87 103 104 125 126 127 129 139 140 144 157 158 164 165 166 167 168 169 170 179 180 181 
25 26 30 31 32 34 35 42 46 53 54 60 62 70 71 75 76 77 78 79 84 85 86 92 
Vertex: 16
2 3 4 5 7 8 9 10 11 12 13 14 15 
58 59 60 61 63 64 65 66 72 89 90 102 108 
69 70 71 72 73 76 77 78 79 80 81 88 89 98 99 116 120 121 122 130 135 152 153 154 155 156 173 174 180 181 182 183 184 
28 29 31 32 33 36 40 49 51 55 58 67 68 69 81 85 86 87 88 90 91 92 
Edge: 1
1 2 
2 3 4 5 7 8 10 11 14 18 22 27 30 34 38 41 44 48 53 58 
1 2 5 8 
1 2 3 4 
Edge: 2
1 3 
1 3 4 6 7 9 10 14 15 18 22 28 31 64 67 70 73 77 80 83 
1 3 6 13 
1 2 5 6 
Edge: 3
1 4 
1 2 5 6 7 10 12 14 16 18 19 22 29 35 65 68 71 87 88 91 96 
2 3 9 14 18 
1 3 5 7 8 
Edge: 4
2 3 
1 2 5 6 8 9 11 15 27 28 30 31 34 38 41 44 48 53 58 64 67 70 73 77 80 83 
1 4 7 31 34 
1 2 13 14 15 
Edge: 5
2 4 
1 3 4 6 8 11 12 16 19 27 29 30 34 35 38 41 44 48 53 58 65 68 71 87 88 91 96 
2 4 10 32 39 
1 3 13 16 17 
Edge: 6
3 4 
2 3 4 5 9 12 15 16 19 28 29 31 35 64 65 67 68 70 71 73 77 80 83 87 88 91 96 
3 4 15 33 79 82 85 
1 5 13 33 34 35 36 
Edge: 7
1 5 
1 2 3 8 9 10 13 14 17 18 22 23 32 39 42 45 74 87 89 92 94 
5 6 11 16 23 
2 4 6 9 10 
Edge: 8
2 5 
1 4 5 7 9 11 13 17 23 27 30 32 34 38 39 41 42 44 45 48 53 58 74 87 89 92 94 
5 7 12 35 44 47 50 
2 4 14 18 19 20 21 
Edge: 9
3 5 
2 4 6 7 8 13 15 17 23 28 31 32 39 42 45 64 67 70 73 74 77 80 83 87 89 92 94 
6 7 17 36 90 
2 6 14 37 38 
Edge: 10
1 6 
1 2 3 7 11 12 13 14 18 20 22 24 36 40 49 95 103 105 
8 9 11 19 24 
3 4 7 9 11 
Edge: 11
2 6 
1 4 5 8 10 12 13 20 24 27 30 34 36 38 40 41 44 48 49 53 58 95 103 105 
8 10 12 40 45 55 
3 4 16 18 22 23 
Edge: 12
4 6 
3 5 6 10 11 13 16 19 20 24 29 35 36 40 49 65 68 71 87 88 91 95 96 103 105 
9 10 20 41 131 
3 7 16 56 57 
Edge: 13
5 6 
7 8 9 10 11 12 17 20 23 24 32 36 39 40 42 45 49 74 87 89 92 94 95 103 105 
11 12 25 46 
4 9 18 64 
Edge: 14
1 7 
1 2 3 7 10 15 16 17 18 21 22 25 66 75 78 100 103 104 106 107 
13 14 16 21 26 
5 6 8 10 12 
Edge: 15
3 7 
2 4 6 9 14 16 17 21 25 28 31 64 66 67 70 73 75 77 78 80 83 100 103 104 106 107 
13 15 17 80 91 95 
5 6 33 37 39 40 
Edge: 16
4 7 
3 5 6 12 14 15 17 19 21 25 29 35 65 66 68 71 75 78 87 88 91 96 100 103 104 106 107 
14 15 22 81 
5 8 33 58 
Edge: 17
5 7 
7 8 9 13 14 15 16 21 23 25 32 39 42 45 66 74 75 78 87 89 92 94 100 103 104 106 107 
16 17 27 92 147 
6 10 37 65 66 
Edge: 18
1 8 
1 2 3 7 10 14 19 20 21 22 26 41 42 43 46 52 54 80 81 82 90 
18 19 21 28 
7 8 11 12 
Edge: 19
4 8 
3 5 6 12 16 18 20 21 26 29 35 41 42 43 46 52 54 65 68 71 80 81 82 87 88 90 91 96 
18 20 22 117 119 121 
7 8 50 51 56 58 
Edge: 20
6 8 
10 11 12 13 18 19 21 24 26 36 40 41 42 43 46 49 52 54 80 81 82 90 95 103 105 
19 20 29 132 169 
7 11 56 77 78 
Edge: 21
7 8 
14 15 16 17 18 19 20 25 26 41 42 43 46 52 54 66 75 78 80 81 82 90 100 103 104 106 107 
21 22 30 135 171 
8 12 58 80 81 
Edge: 22
1 9 
1 2 3 7 10 14 18 23 24 25 26 27 28 29 33 37 57 59 69 97 101 
23 24 26 28 
9 10 11 12 
Edge: 23
5 9 
7 8 9 13 17 22 24 25 26 27 28 29 32 33 37 39 42 45 57 59 69 74 87 89 92 94 97 101 
23 25 27 145 148 154 
9 10 64 65 68 69 
Edge: 24
6 9 
10 11 12 13 20 22 23 25 26 27 28 29 33 36 37 40 49 57 59 69 95 97 101 103 105 
24 25 29 146 170 
9 11 64 77 79 
Edge: 25
7 9 
14 15 16 17 21 22 23 24 26 27 28 29 33 37 57 59 66 69 75 78 97 100 101 103 104 106 107 
26 27 30 149 172 
10 12 65 80 82 
Edge: 26
8 9 
18 19 20 21 22 23 24 25 27 28 29 33 37 41 42 43 46 52 54 57 59 69 80 81 82 90 97 101 
28 29 30 100 102 104 
11 12 41 42 77 80 
Edge: 27
2 9 
1 4 5 8 11 22 23 24 25 26 28 29 30 33 34 37 38 41 44 48 53 57 58 59 69 97 101 
31 32 37 42 67 69 
13 15 17 27 28 29 
Edge: 28
3 9 
2 4 6 9 15 22 23 24 25 26 27 29 31 33 37 57 59 64 67 69 70 73 77 80 83 97 101 
31 33 38 83 100 
13 15 34 41 42 
Edge: 29
4 9 
3 5 6 12 16 19 22 23 24 25 26 27 28 33 35 37 57 59 65 68 69 71 87 88 91 96 97 101 
32 33 43 84 136 
13 17 34 59 60 
Edge: 30
2 10 
1 4 5 8 11 27 31 32 33 34 38 41 44 47 48 53 58 76 81 91 93 99 107 108 109 
34 35 37 53 
14 15 21 27 
Edge: 31
3 10 
2 4 6 9 15 28 30 32 33 47 64 67 70 73 76 77 80 81 83 91 93 99 107 108 109 
34 36 38 93 101 
14 15 38 41 43 
Edge: 32
5 10 
7 8 9 13 17 23 30 31 33 39 42 45 47 74 76 81 87 89 91 92 93 94 99 107 108 109 
35 36 54 94 123 127 
14 21 38 52 53 70 
Edge: 33
9 10 
22 23 24 25 26 27 28 29 30 31 32 37 47 57 59 69 76 81 91 93 97 99 101 107 108 109 
37 38 68 102 172 176 
15 27 41 80 82 89 
Edge: 34
2 11 
1 4 5 8 11 27 30 35 36 37 38 41 44 48 50 53 58 60 62 73 74 75 76 79 82 84 
39 40 42 56 70 74 
16 17 22 28 30 31 
Edge: 35
4 11 
3 5 6 12 16 19 29 34 36 37 50 60 62 65 68 71 73 74 75 76 79 82 84 87 88 91 96 
39 41 43 133 137 
16 17 57 59 63 
Edge: 36
6 11 
10 11 12 13 20 24 34 35 37 40 49 50 60 62 73 74 75 76 79 82 84 95 103 105 
40 41 57 134 159 
16 22 57 72 73 
Edge: 37
9 11 
22 23 24 25 26 27 28 29 33 34 35 36 50 57 59 60 62 69 73 74 75 76 79 82 84 97 101 
42 43 71 138 
17 28 59 90 
Edge: 38
2 12 
1 4 5 8 11 27 30 34 39 40 41 43 44 48 51 53 58 83 84 85 96 97 98 99 102 104 
44 45 48 58 
18 19 23 24 
Edge: 39
5 12 
7 8 9 13 17 23 32 38 40 42 43 45 51 74 83 84 85 87 89 92 94 96 97 98 99 102 104 
44 46 49 145 152 
18 19 64 67 68 
Edge: 40
6 12 
10 11 12 13 20 24 36 38 39 43 49 51 83 84 85 95 96 97 98 99 102 103 104 105 
45 46 59 146 162 165 
18 23 64 74 75 79 
Edge: 41
2 8 
1 4 5 8 11 18 19 20 21 26 27 30 34 38 42 43 44 46 48 52 53 54 58 80 81 82 90 
47 48 51 60 62 
19 20 24 25 26 
Edge: 42
5 8 
7 8 9 13 17 18 19 20 21 23 26 32 39 41 43 45 46 52 54 74 80 81 82 87 89 90 92 94 
47 49 52 117 122 
19 20 50 51 67 
Edge: 43
8 12 
18 19 20 21 26 38 39 40 41 42 46 51 52 54 80 81 82 83 84 85 90 96 97 98 99 102 104 
48 49 61 107 109 153 
19 24 44 45 67 88 
Edge: 44
2 13 
1 4 5 8 11 27 30 34 38 41 45 46 47 48 53 55 57 58 61 77 78 79 85 86 88 95 
50 51 53 63 67 72 
20 21 25 27 29 32 
Edge: 45
5 13 
7 8 9 13 17 23 32 39 42 44 46 47 55 57 61 74 77 78 79 85 86 87 88 89 92 94 95 
50 52 54 118 
20 21 50 52 
Edge: 46
8 13 
18 19 20 21 26 41 42 43 44 45 47 52 54 55 57 61 77 78 79 80 81 82 85 86 88 90 95 
51 52 64 119 132 
20 25 50 56 78 
Edge: 47
10 13 
30 31 32 33 44 45 46 55 57 61 76 77 78 79 81 85 86 88 91 93 95 99 107 108 109 
53 54 68 124 143 186 
21 27 52 61 89 93 
Edge: 48
2 14 
1 4 5 8 11 27 30 34 38 41 44 49 50 51 52 53 56 58 70 71 72 86 94 100 101 109 
55 56 58 60 65 
22 23 24 26 30 
Edge: 49
6 14 
10 11 12 13 20 24 36 40 48 50 51 52 56 70 71 72 86 94 95 100 101 103 105 109 
55 57 59 161 
22 23 73 74 
Edge: 50
11 14 
34 35 36 37 48 49 51 52 56 60 62 70 71 72 73 74 75 76 79 82 84 86 94 100 101 109 
56 57 75 150 151 
22 30 66 71 73 
Edge: 51
12 14 
38 39 40 43 48 49 50 52 56 70 71 72 83 84 85 86 94 96 97 98 99 100 101 102 104 109 
58 59 61 111 115 163 178 
23 24 45 48 74 83 93 
Edge: 52
8 14 
18 19 20 21 26 41 42 43 46 48 49 50 51 54 56 70 71 72 80 81 82 86 90 94 100 101 109 
60 61 66 110 
24 26 45 46 
Edge: 53
2 15 
1 4 5 8 11 27 30 34 38 41 44 48 54 55 56 58 62 63 67 68 69 92 93 98 105 106 
62 63 65 74 76 
25 26 30 31 32 
Edge: 54
8 15 
18 19 20 21 26 41 42 43 46 52 53 55 56 62 63 67 68 69 80 81 82 90 92 93 98 105 106 
62 64 66 103 104 169 
25 26 42 46 77 78 
Edge: 55
13 15 
44 45 46 47 53 54 56 57 61 62 63 67 68 69 77 78 79 85 86 88 92 93 95 98 105 106 
63 64 78 167 168 
25 32 76 78 86 
Edge: 56
14 15 
48 49 50 51 52 53 54 55 62 63 67 68 69 70 71 72 86 92 93 94 98 100 101 105 106 109 
65 66 75 86 87 129 
26 30 35 46 54 71 
Edge: 57
9 13 
22 23 24 25 26 27 28 29 33 37 44 45 46 47 55 59 61 69 77 78 79 85 86 88 95 97 101 
67 68 73 185 
27 29 89 91 
Edge: 58
2 16 
1 4 5 8 11 27 30 34 38 41 44 48 53 59 60 61 63 64 65 66 72 89 90 102 108 
69 70 72 76 
28 29 31 32 
Edge: 59
9 16 
22 23 24 25 26 27 28 29 33 37 57 58 60 61 63 64 65 66 69 72 89 90 97 101 102 108 
69 71 73 154 155 156 
28 29 68 69 90 91 
Edge: 60
11 16 
34 35 36 37 50 58 59 61 62 63 64 65 66 72 73 74 75 76 79 82 84 89 90 102 108 
70 71 77 182 183 184 
28 31 87 88 90 92 
Edge: 61
13 16 
44 45 46 47 55 57 58 59 60 63 64 65 66 72 77 78 79 85 86 88 89 90 95 102 108 
72 73 78 98 99 116 
29 32 40 49 86 91 
Edge: 62
11 15 
34 35 36 37 50 53 54 55 56 60 63 67 68 69 73 74 75 76 79 82 84 92 93 98 105 106 
74 75 77 157 158 
30 31 70 71 92 
Edge: 63
15 16 
53 54 55 56 58 59 60 61 62 64 65 66 67 68 69 72 89 90 92 93 98 102 105 106 108 
76 77 78 180 181 
31 32 85 86 92 
Edge: 64
3 16 
2 4 6 9 15 28 31 58 59 60 61 63 65 66 67 70 72 73 77 80 83 89 90 102 108 
79 80 88 98 
33 36 40 49 
Edge: 65
4 16 
3 5 6 12 16 19 29 35 58 59 60 61 63 64 66 68 71 72 87 88 89 90 91 96 102 108 
79 81 89 120 121 
33 36 51 55 58 
Edge: 66
7 16 
14 15 16 17 21 25 58 59 60 61 63 64 65 72 75 78 89 90 100 102 103 104 106 107 108 
80 81 99 135 173 180 
33 40 58 81 85 86 
Edge: 67
3 15 
2 4 6 9 15 28 31 53 54 55 56 62 63 64 68 69 70 73 77 80 83 92 93 98 105 106 
82 83 86 103 
34 35 42 46 
Edge: 68
4 15 
3 5 6 12 16 19 29 35 53 54 55 56 62 63 65 67 69 71 87 88 91 92 93 96 98 105 106 
82 84 87 125 126 139 
34 35 53 54 60 62 
Edge: 69
9 15 
22 23 24 25 26 27 28 29 33 37 53 54 55 56 57 59 62 63 67 68 92 93 97 98 101 105 106 
83 84 104 140 170 
34 42 60 77 79 
Edge: 70
3 14 
2 4 6 9 15 28 31 48 49 50 51 52 56 64 67 71 72 73 77 80 83 86 94 100 101 109 
85 86 88 110 111 114 
35 36 45 46 48 49 
Edge: 71
4 14 
3 5 6 12 16 19 29 35 48 49 50 51 52 56 65 68 70 72 86 87 88 91 94 96 100 101 109 
85 87 89 128 
35 36 54 55 
Edge: 72
14 16 
48 49 50 51 52 56 58 59 60 61 63 64 65 66 70 71 86 89 90 94 100 101 102 108 109 
88 89 116 130 156 
36 49 55 69 91 
Edge: 73
3 11 
2 4 6 9 15 28 31 34 35 36 37 50 60 62 64 67 70 74 75 76 77 79 80 82 83 84 
90 91 93 96 105 108 
37 38 39 43 44 47 
Edge: 74
5 11 
7 8 9 13 17 23 32 34 35 36 37 39 42 45 50 60 62 73 75 76 79 82 84 87 89 92 94 
90 92 94 150 157 
37 38 66 70 71 
Edge: 75
7 11 
14 15 16 17 21 25 34 35 36 37 50 60 62 66 73 74 76 78 79 82 84 100 103 104 106 107 
91 92 97 151 159 
37 39 66 72 73 
Edge: 76
10 11 
30 31 32 33 34 35 36 37 47 50 60 62 73 74 75 79 81 82 84 91 93 99 107 108 109 
93 94 106 158 183 
38 43 70 87 92 
Edge: 77
3 13 
2 4 6 9 15 28 31 44 45 46 47 55 57 61 64 67 70 73 78 79 80 83 85 86 88 95 
95 96 98 112 114 
39 40 47 48 49 
Edge: 78
7 13 
14 15 16 17 21 25 44 45 46 47 55 57 61 66 75 77 79 85 86 88 95 100 103 104 106 107 
95 97 99 160 168 
39 40 72 76 86 
Edge: 79
11 13 
34 35 36 37 44 45 46 47 50 55 57 60 61 62 73 74 75 76 77 78 82 84 85 86 88 95 
96 97 113 133 134 
39 47 57 63 72 
Edge: 80
3 8 
2 4 6 9 15 18 19 20 21 26 28 31 41 42 43 46 52 54 64 67 70 73 77 81 82 83 90 
100 101 103 105 107 110 
41 42 43 44 45 46 
Edge: 81
8 10 
18 19 20 21 26 30 31 32 33 41 42 43 46 47 52 54 76 80 82 90 91 93 99 107 108 109 
101 102 106 171 174 
41 43 80 81 87 
Edge: 82
8 11 
18 19 20 21 26 34 35 36 37 41 42 43 46 50 52 54 60 62 73 74 75 76 79 80 81 84 90 
105 106 109 182 
43 44 87 88 
Edge: 83
3 12 
2 4 6 9 15 28 31 38 39 40 43 51 64 67 70 73 77 80 84 85 96 97 98 99 102 104 
107 108 111 112 
44 45 47 48 
Edge: 84
11 12 
34 35 36 37 38 39 40 43 50 51 60 62 73 74 75 76 79 82 83 85 96 97 98 99 102 104 
108 109 113 137 138 184 
44 47 59 63 88 90 
Edge: 85
12 13 
38 39 40 43 44 45 46 47 51 55 57 61 77 78 79 83 84 86 88 95 96 97 98 99 102 104 
112 113 115 142 143 
47 48 61 63 93 
Edge: 86
13 14 
44 45 46 47 48 49 50 51 52 55 56 57 61 70 71 72 77 78 79 85 88 94 95 100 101 109 
114 115 116 185 186 
48 49 89 91 93 
Edge: 87
4 5 
3 5 6 7 8 9 12 13 16 17 19 23 29 32 35 39 42 45 65 68 71 74 88 89 91 92 94 96 
117 118 120 123 125 128 
50 51 52 53 54 55 
Edge: 88
4 13 
3 5 6 12 16 19 29 35 44 45 46 47 55 57 61 65 68 71 77 78 79 85 86 87 91 95 96 
118 119 124 131 133 142 
50 52 56 57 61 63 
Edge: 89
5 16 
7 8 9 13 17 23 32 39 42 45 58 59 60 61 63 64 65 66 72 74 87 90 92 94 102 108 
120 122 130 152 154 
51 55 67 68 69 
Edge: 90
8 16 
18 19 20 21 26 41 42 43 46 52 54 58 59 60 61 63 64 65 66 72 80 81 82 89 102 108 
121 122 135 153 174 182 
51 58 67 81 87 88 
Edge: 91
4 10 
3 5 6 12 16 19 29 30 31 32 33 35 47 65 68 71 76 81 87 88 93 96 99 107 108 109 
123 124 126 141 
52 53 61 62 
Edge: 92
5 15 
7 8 9 13 17 23 32 39 42 45 53 54 55 56 62 63 67 68 69 74 87 89 93 94 98 105 106 
125 127 129 157 
53 54 70 71 
Edge: 93
10 15 
30 31 32 33 47 53 54 55 56 62 63 67 68 69 76 81 91 92 98 99 105 106 107 108 109 
126 127 144 158 179 181 
53 62 70 84 85 92 
Edge: 94
5 14 
7 8 9 13 17 23 32 39 42 45 48 49 50 51 52 56 70 71 72 74 86 87 89 92 100 101 109 
128 129 130 147 148 150 
54 55 65 66 69 71 
Edge: 95
6 13 
10 11 12 13 20 24 36 40 44 45 46 47 49 55 57 61 77 78 79 85 86 88 103 105 
131 132 134 160 167 
56 57 72 76 78 
Edge: 96
4 12 
3 5 6 12 16 19 29 35 38 39 40 43 51 65 68 71 83 84 85 87 88 91 97 98 99 102 104 
136 137 139 141 142 
59 60 61 62 63 
Edge: 97
9 12 
22 23 24 25 26 27 28 29 33 37 38 39 40 43 51 57 59 69 83 84 85 96 98 99 101 102 104 
136 138 140 145 146 155 
59 60 64 68 79 90 
Edge: 98
12 15 
38 39 40 43 51 53 54 55 56 62 63 67 68 69 83 84 85 92 93 96 97 99 102 104 105 106 
139 140 144 165 166 
60 62 75 79 84 
Edge: 99
10 12 
30 31 32 33 38 39 40 43 47 51 76 81 83 84 85 91 93 96 97 98 102 104 107 108 109 
141 143 144 177 178 
61 62 83 84 93 
Edge: 100
7 14 
14 15 16 17 21 25 48 49 50 51 52 56 66 70 71 72 75 78 86 94 101 103 104 106 107 109 
147 149 151 161 163 175 
65 66 73 74 82 83 
Edge: 101
9 14 
22 23 24 25 26 27 28 29 33 37 48 49 50 51 52 56 57 59 69 70 71 72 86 94 97 100 109 
148 149 156 176 185 
65 69 82 89 91 
Edge: 102
12 16 
38 39 40 43 51 58 59 60 61 63 64 65 66 72 83 84 85 89 90 96 97 98 99 104 108 
152 153 155 184 
67 68 88 90 
Edge: 103
6 7 
10 11 12 13 14 15 16 17 20 21 24 25 36 40 49 66 75 78 95 100 104 105 106 107 
159 160 161 162 164 
72 73 74 75 76 
Edge: 104
7 12 
14 15 16 17 21 25 38 39 40 43 51 66 75 78 83 84 85 96 97 98 99 100 102 103 106 107 
162 163 166 177 
74 75 83 84 
Edge: 105
6 15 
10 11 12 13 20 24 36 40 49 53 54 55 56 62 63 67 68 69 92 93 95 98 103 106 
164 165 167 169 170 
75 76 77 78 79 
Edge: 106
7 15 
14 15 16 17 21 25 53 54 55 56 62 63 66 67 68 69 75 78 92 93 98 100 103 104 105 107 
164 166 168 179 180 
75 76 84 85 86 
Edge: 107
7 10 
14 15 16 17 21 25 30 31 32 33 47 66 75 76 78 81 91 93 99 100 103 104 106 108 109 
171 172 173 175 177 179 
80 81 82 83 84 85 
Edge: 108
10 16 
30 31 32 33 47 58 59 60 61 63 64 65 66 72 76 81 89 90 91 93 99 102 107 109 
173 174 181 183 
81 85 87 92 
Edge: 109
10 14 
30 31 32 33 47 48 49 50 51 52 56 70 71 72 76 81 86 91 93 94 99 100 101 107 108 
175 176 178 186 
82 83 89 93 
Face: 1
1 2 3 
1 2 4 
2 3 4 5 6 7 8 13 31 34 
1 2 
Face: 2
1 2 4 
1 3 5 
1 3 4 5 8 9 10 14 18 32 39 
1 3 
Face: 3
1 3 4 
2 3 6 
1 2 4 6 9 13 14 15 18 33 79 82 85 
1 5 
Face: 4
2 3 4 
4 5 6 
1 2 3 7 10 15 31 32 33 34 39 79 82 85 
1 13 
Face: 5
1 2 5 
1 7 8 
1 2 6 7 8 11 12 16 23 35 44 47 50 
2 4 
Face: 6
1 3 5 
2 7 9 
1 3 5 7 11 13 16 17 23 36 90 
2 6 
Face: 7
2 3 5 
4 8 9 
1 4 5 6 12 17 31 34 35 36 44 47 50 90 
2 14 
Face: 8
1 2 6 
1 10 11 
1 2 5 9 10 11 12 19 24 40 45 55 
3 4 
Face: 9
1 4 6 
3 10 12 
2 3 8 10 11 14 18 19 20 24 41 131 
3 7 
Face: 10
2 4 6 
5 11 12 
2 4 8 9 12 20 32 39 40 41 45 55 131 
3 16 
Face: 11
1 5 6 
7 10 13 
5 6 8 9 12 16 19 23 24 25 46 
4 9 
Face: 12
2 5 6 
8 11 13 
5 7 8 10 11 25 35 40 44 45 46 47 50 55 
4 18 
Face: 13
1 3 7 
2 14 15 
1 3 6 14 15 16 17 21 26 80 91 95 
5 6 
Face: 14
1 4 7 
3 14 16 
2 3 9 13 15 16 18 21 22 26 81 
5 8 
Face: 15
3 4 7 
6 15 16 
3 4 13 14 17 22 33 79 80 81 82 85 91 95 
5 33 
Face: 16
1 5 7 
7 14 17 
5 6 11 13 14 17 21 23 26 27 92 147 
6 10 
Face: 17
3 5 7 
9 15 17 
6 7 13 15 16 27 36 80 90 91 92 95 147 
6 37 
Face: 18
1 4 8 
3 18 19 
2 3 9 14 19 20 21 22 28 117 119 121 
7 8 
Face: 19
1 6 8 
10 18 20 
8 9 11 18 20 21 24 28 29 132 169 
7 11 
Face: 20
4 6 8 
12 19 20 
9 10 18 19 22 29 41 117 119 121 131 132 169 
7 56 
Face: 21
1 7 8 
14 18 21 
13 14 16 18 19 22 26 28 30 135 171 
8 12 
Face: 22
4 7 8 
16 19 21 
14 15 18 20 21 30 81 117 119 121 135 171 
8 58 
Face: 23
1 5 9 
7 22 23 
5 6 11 16 24 25 26 27 28 145 148 154 
9 10 
Face: 24
1 6 9 
10 22 24 
8 9 11 19 23 25 26 28 29 146 170 
9 11 
Face: 25
5 6 9 
13 23 24 
11 12 23 24 27 29 46 145 146 148 154 170 
9 64 
Face: 26
1 7 9 
14 22 25 
13 14 16 21 23 24 27 28 30 149 172 
10 12 
Face: 27
5 7 9 
17 23 25 
16 17 23 25 26 30 92 145 147 148 149 154 172 
10 65 
Face: 28
1 8 9 
18 22 26 
18 19 21 23 24 26 29 30 100 102 104 
11 12 
Face: 29
6 8 9 
20 24 26 
19 20 24 25 28 30 100 102 104 132 146 169 170 
11 77 
Face: 30
7 8 9 
21 25 26 
21 22 26 27 28 29 100 102 104 135 149 171 172 
12 80 
Face: 31
2 3 9 
4 27 28 
1 4 7 32 33 34 37 38 42 67 69 83 100 
13 15 
Face: 32
2 4 9 
5 27 29 
2 4 10 31 33 37 39 42 43 67 69 84 136 
13 17 
Face: 33
3 4 9 
6 28 29 
3 4 15 31 32 38 43 79 82 83 84 85 100 136 
13 34 
Face: 34
2 3 10 
4 30 31 
1 4 7 31 35 36 37 38 53 93 101 
14 15 
Face: 35
2 5 10 
8 30 32 
5 7 12 34 36 37 44 47 50 53 54 94 123 127 
14 21 
Face: 36
3 5 10 
9 31 32 
6 7 17 34 35 38 54 90 93 94 101 123 127 
14 38 
Face: 37
2 9 10 
27 30 33 
31 32 34 35 38 42 53 67 68 69 102 172 176 
15 27 
Face: 38
3 9 10 
28 31 33 
31 33 34 36 37 68 83 93 100 101 102 172 176 
15 41 
Face: 39
2 4 11 
5 34 35 
2 4 10 32 40 41 42 43 56 70 74 133 137 
16 17 
Face: 40
2 6 11 
11 34 36 
8 10 12 39 41 42 45 55 56 57 70 74 134 159 
16 22 
Face: 41
4 6 11 
12 35 36 
9 10 20 39 40 43 57 131 133 134 137 159 
16 57 
Face: 42
2 9 11 
27 34 37 
31 32 37 39 40 43 56 67 69 70 71 74 138 
17 28 
Face: 43
4 9 11 
29 35 37 
32 33 39 41 42 71 84 133 136 137 138 
17 59 
Face: 44
2 5 12 
8 38 39 
5 7 12 35 45 46 47 48 49 50 58 145 152 
18 19 
Face: 45
2 6 12 
11 38 40 
8 10 12 40 44 46 48 55 58 59 146 162 165 
18 23 
Face: 46
5 6 12 
13 39 40 
11 12 25 44 45 49 59 145 146 152 162 165 
18 64 
Face: 47
2 5 8 
8 41 42 
5 7 12 35 44 48 49 50 51 52 60 62 117 122 
19 20 
Face: 48
2 8 12 
38 41 43 
44 45 47 49 51 58 60 61 62 107 109 153 
19 24 
Face: 49
5 8 12 
39 42 43 
44 46 47 48 52 61 107 109 117 122 145 152 153 
19 67 
Face: 50
2 5 13 
8 44 45 
5 7 12 35 44 47 51 52 53 54 63 67 72 118 
20 21 
Face: 51
2 8 13 
41 44 46 
47 48 50 52 53 60 62 63 64 67 72 119 132 
20 25 
Face: 52
5 8 13 
42 45 46 
47 49 50 51 54 64 117 118 119 122 132 
20 50 
Face: 53
2 10 13 
30 44 47 
34 35 37 50 51 54 63 67 68 72 124 143 186 
21 27 
Face: 54
5 10 13 
32 45 47 
35 36 50 52 53 68 94 118 123 124 127 143 186 
21 52 
Face: 55
2 6 14 
11 48 49 
8 10 12 40 45 56 57 58 59 60 65 161 
22 23 
Face: 56
2 11 14 
34 48 50 
39 40 42 55 57 58 60 65 70 74 75 150 151 
22 30 
Face: 57
6 11 14 
36 49 50 
40 41 55 56 59 75 134 150 151 159 161 
22 73 
Face: 58
2 12 14 
38 48 51 
44 45 48 55 56 59 60 61 65 111 115 163 178 
23 24 
Face: 59
6 12 14 
40 49 51 
45 46 55 57 58 61 111 115 146 161 162 163 165 178 
23 74 
Face: 60
2 8 14 
41 48 52 
47 48 51 55 56 58 61 62 65 66 110 
24 26 
Face: 61
8 12 14 
43 51 52 
48 49 58 59 60 66 107 109 110 111 115 153 163 178 
24 45 
Face: 62
2 8 15 
41 53 54 
47 48 51 60 63 64 65 66 74 76 103 104 169 
25 26 
Face: 63
2 13 15 
44 53 55 
50 51 53 62 64 65 67 72 74 76 78 167 168 
25 32 
Face: 64
8 13 15 
46 54 55 
51 52 62 63 66 78 103 104 119 132 167 168 169 
25 78 
Face: 65
2 14 15 
48 53 56 
55 56 58 60 62 63 66 74 75 76 86 87 129 
26 30 
Face: 66
8 14 15 
52 54 56 
60 61 62 64 65 75 86 87 103 104 110 129 169 
26 46 
Face: 67
2 9 13 
27 44 57 
31 32 37 42 50 51 53 63 68 69 72 73 185 
27 29 
Face: 68
9 10 13 
33 47 57 
37 38 53 54 67 73 102 124 143 172 176 185 186 
27 89 
Face: 69
2 9 16 
27 58 59 
31 32 37 42 67 70 71 72 73 76 154 155 156 
28 29 
Face: 70
2 11 16 
34 58 60 
39 40 42 56 69 71 72 74 76 77 182 183 184 
28 31 
Face: 71
9 11 16 
37 59 60 
42 43 69 70 73 77 138 154 155 156 182 183 184 
28 90 
Face: 72
2 13 16 
44 58 61 
50 51 53 63 67 69 70 73 76 78 98 99 116 
29 32 
Face: 73
9 13 16 
57 59 61 
67 68 69 71 72 78 98 99 116 154 155 156 185 
29 91 
Face: 74
2 11 15 
34 53 62 
39 40 42 56 62 63 65 70 75 76 77 157 158 
30 31 
Face: 75
11 14 15 
50 56 62 
56 57 65 66 74 77 86 87 129 150 151 157 158 
30 71 
Face: 76
2 15 16 
53 58 63 
62 63 65 69 70 72 74 77 78 180 181 
31 32 
Face: 77
11 15 16 
60 62 63 
70 71 74 75 76 78 157 158 180 181 182 183 184 
31 92 
Face: 78
13 15 16 
55 61 63 
63 64 72 73 76 77 98 99 116 167 168 180 181 
32 86 
Face: 79
3 4 16 
6 64 65 
3 4 15 33 80 81 82 85 88 89 98 120 121 
33 36 
Face: 80
3 7 16 
15 64 66 
13 15 17 79 81 88 91 95 98 99 135 173 180 
33 40 
Face: 81
4 7 16 
16 65 66 
14 15 22 79 80 89 99 120 121 135 173 180 
33 58 
Face: 82
3 4 15 
6 67 68 
3 4 15 33 79 83 84 85 86 87 103 125 126 139 
34 35 
Face: 83
3 9 15 
28 67 69 
31 33 38 82 84 86 100 103 104 140 170 
34 42 
Face: 84
4 9 15 
29 68 69 
32 33 43 82 83 87 104 125 126 136 139 140 170 
34 60 
Face: 85
3 4 14 
6 70 71 
3 4 15 33 79 82 86 87 88 89 110 111 114 128 
35 36 
Face: 86
3 14 15 
56 67 70 
65 66 75 82 83 85 87 88 103 110 111 114 129 
35 46 
Face: 87
4 14 15 
56 68 71 
65 66 75 82 84 85 86 89 125 126 128 129 139 
35 54 
Face: 88
3 14 16 
64 70 72 
79 80 85 86 89 98 110 111 114 116 130 156 
36 49 
Face: 89
4 14 16 
65 71 72 
79 81 85 87 88 116 120 121 128 130 156 
36 55 
Face: 90
3 5 11 
9 73 74 
6 7 17 36 91 92 93 94 96 105 108 150 157 
37 38 
Face: 91
3 7 11 
15 73 75 
13 15 17 80 90 92 93 95 96 97 105 108 151 159 
37 39 
Face: 92
5 7 11 
17 74 75 
16 17 27 90 91 94 97 147 150 151 157 159 
37 66 
Face: 93
3 10 11 
31 73 76 
34 36 38 90 91 94 96 101 105 106 108 158 183 
38 43 
Face: 94
5 10 11 
32 74 76 
35 36 54 90 92 93 106 123 127 150 157 158 183 
38 70 
Face: 95
3 7 13 
15 77 78 
13 15 17 80 91 96 97 98 99 112 114 160 168 
39 40 
Face: 96
3 11 13 
73 77 79 
90 91 93 95 97 98 105 108 112 113 114 133 134 
39 47 
Face: 97
7 11 13 
75 78 79 
91 92 95 96 99 113 133 134 151 159 160 168 
39 72 
Face: 98
3 13 16 
61 64 77 
72 73 78 79 80 88 95 96 99 112 114 116 
40 49 
Face: 99
7 13 16 
61 66 78 
72 73 78 80 81 95 97 98 116 135 160 168 173 180 
40 86 
Face: 100
3 8 9 
26 28 80 
28 29 30 31 33 38 83 101 102 103 104 105 107 110 
41 42 
Face: 101
3 8 10 
31 80 81 
34 36 38 93 100 102 103 105 106 107 110 171 174 
41 43 
Face: 102
8 9 10 
26 33 81 
28 29 30 37 38 68 100 101 104 106 171 172 174 176 
41 80 
Face: 103
3 8 15 
54 67 80 
62 64 66 82 83 86 100 101 104 105 107 110 169 
42 46 
Face: 104
8 9 15 
26 54 69 
28 29 30 62 64 66 83 84 100 102 103 140 169 170 
42 77 
Face: 105
3 8 11 
73 80 82 
90 91 93 96 100 101 103 106 107 108 109 110 182 
43 44 
Face: 106
8 10 11 
76 81 82 
93 94 101 102 105 109 158 171 174 182 183 
43 87 
Face: 107
3 8 12 
43 80 83 
48 49 61 100 101 103 105 108 109 110 111 112 153 
44 45 
Face: 108
3 11 12 
73 83 84 
90 91 93 96 105 107 109 111 112 113 137 138 184 
44 47 
Face: 109
8 11 12 
43 82 84 
48 49 61 105 106 107 108 113 137 138 153 182 184 
44 88 
Face: 110
3 8 14 
52 70 80 
60 61 66 85 86 88 100 101 103 105 107 111 114 
45 46 
Face: 111
3 12 14 
51 70 83 
58 59 61 85 86 88 107 108 110 112 114 115 163 178 
45 48 
Face: 112
3 12 13 
77 83 85 
95 96 98 107 108 111 113 114 115 142 143 
47 48 
Face: 113
11 12 13 
79 84 85 
96 97 108 109 112 115 133 134 137 138 142 143 184 
47 63 
Face: 114
3 13 14 
70 77 86 
85 86 88 95 96 98 110 111 112 115 116 185 186 
48 49 
Face: 115
12 13 14 
51 85 86 
58 59 61 111 112 113 114 116 142 143 163 178 185 186 
48 93 
Face: 116
13 14 16 
61 72 86 
72 73 78 88 89 98 99 114 115 130 156 185 186 
49 91 
Face: 117
4 5 8 
19 42 87 
18 20 22 47 49 52 118 119 120 121 122 123 125 128 
50 51 
Face: 118
4 5 13 
45 87 88 
50 52 54 117 119 120 123 124 125 128 131 133 142 
50 52 
Face: 119
4 8 13 
19 46 88 
18 20 22 51 52 64 117 118 121 124 131 132 133 142 
50 56 
Face: 120
4 5 16 
65 87 89 
79 81 89 117 118 121 122 123 125 128 130 152 154 
51 55 
Face: 121
4 8 16 
19 65 90 
18 20 22 79 81 89 117 119 120 122 135 153 174 182 
51 58 
Face: 122
5 8 16 
42 89 90 
47 49 52 117 120 121 130 135 152 153 154 174 182 
51 67 
Face: 123
4 5 10 
32 87 91 
35 36 54 94 117 118 120 124 125 126 127 128 141 
52 53 
Face: 124
4 10 13 
47 88 91 
53 54 68 118 119 123 126 131 133 141 142 143 186 
52 61 
Face: 125
4 5 15 
68 87 92 
82 84 87 117 118 120 123 126 127 128 129 139 157 
53 54 
Face: 126
4 10 15 
68 91 93 
82 84 87 123 124 125 127 139 141 144 158 179 181 
53 62 
Face: 127
5 10 15 
32 92 93 
35 36 54 94 123 125 126 129 144 157 158 179 181 
53 70 
Face: 128
4 5 14 
71 87 94 
85 87 89 117 118 120 123 125 129 130 147 148 150 
54 55 
Face: 129
5 14 15 
56 92 94 
65 66 75 86 87 125 127 128 130 147 148 150 157 
54 71 
Face: 130
5 14 16 
72 89 94 
88 89 116 120 122 128 129 147 148 150 152 154 156 
55 69 
Face: 131
4 6 13 
12 88 95 
9 10 20 41 118 119 124 132 133 134 142 160 167 
56 57 
Face: 132
6 8 13 
20 46 95 
19 20 29 51 52 64 119 131 134 160 167 169 
56 78 
Face: 133
4 11 13 
35 79 88 
39 41 43 96 97 113 118 119 124 131 134 137 142 
57 63 
Face: 134
6 11 13 
36 79 95 
40 41 57 96 97 113 131 132 133 159 160 167 
57 72 
Face: 135
7 8 16 
21 66 90 
21 22 30 80 81 99 121 122 153 171 173 174 180 182 
58 81 
Face: 136
4 9 12 
29 96 97 
32 33 43 84 137 138 139 140 141 142 145 146 155 
59 60 
Face: 137
4 11 12 
35 84 96 
39 41 43 108 109 113 133 136 138 139 141 142 184 
59 63 
Face: 138
9 11 12 
37 84 97 
42 43 71 108 109 113 136 137 140 145 146 155 184 
59 90 
Face: 139
4 12 15 
68 96 98 
82 84 87 125 126 136 137 140 141 142 144 165 166 
60 62 
Face: 140
9 12 15 
69 97 98 
83 84 104 136 138 139 144 145 146 155 165 166 170 
60 79 
Face: 141
4 10 12 
91 96 99 
123 124 126 136 137 139 142 143 144 177 178 
61 62 
Face: 142
4 12 13 
85 88 96 
112 113 115 118 119 124 131 133 136 137 139 141 143 
61 63 
Face: 143
10 12 13 
47 85 99 
53 54 68 112 113 115 124 141 142 144 177 178 186 
61 93 
Face: 144
10 12 15 
93 98 99 
126 127 139 140 141 143 158 165 166 177 178 179 181 
62 84 
Face: 145
5 9 12 
23 39 97 
23 25 27 44 46 49 136 138 140 146 148 152 154 155 
64 68 
Face: 146
6 9 12 
24 40 97 
24 25 29 45 46 59 136 138 140 145 155 162 165 170 
64 79 
Face: 147
5 7 14 
17 94 100 
16 17 27 92 128 129 130 148 149 150 151 161 163 175 
65 66 
Face: 148
5 9 14 
23 94 101 
23 25 27 128 129 130 145 147 149 150 154 156 176 185 
65 69 
Face: 149
7 9 14 
25 100 101 
26 27 30 147 148 151 156 161 163 172 175 176 185 
65 82 
Face: 150
5 11 14 
50 74 94 
56 57 75 90 92 94 128 129 130 147 148 151 157 
66 71 
Face: 151
7 11 14 
50 75 100 
56 57 75 91 92 97 147 149 150 159 161 163 175 
66 73 
Face: 152
5 12 16 
39 89 102 
44 46 49 120 122 130 145 153 154 155 184 
67 68 
Face: 153
8 12 16 
43 90 102 
48 49 61 107 109 121 122 135 152 155 174 182 184 
67 88 
Face: 154
5 9 16 
23 59 89 
23 25 27 69 71 73 120 122 130 145 148 152 155 156 
68 69 
Face: 155
9 12 16 
59 97 102 
69 71 73 136 138 140 145 146 152 153 154 156 184 
68 90 
Face: 156
9 14 16 
59 72 101 
69 71 73 88 89 116 130 148 149 154 155 176 185 
69 91 
Face: 157
5 11 15 
62 74 92 
74 75 77 90 92 94 125 127 129 150 158 
70 71 
Face: 158
10 11 15 
62 76 93 
74 75 77 93 94 106 126 127 144 157 179 181 183 
70 92 
Face: 159
6 7 11 
36 75 103 
40 41 57 91 92 97 134 151 160 161 162 164 
72 73 
Face: 160
6 7 13 
78 95 103 
95 97 99 131 132 134 159 161 162 164 167 168 
72 76 
Face: 161
6 7 14 
49 100 103 
55 57 59 147 149 151 159 160 162 163 164 175 
73 74 
Face: 162
6 7 12 
40 103 104 
45 46 59 146 159 160 161 163 164 165 166 177 
74 75 
Face: 163
7 12 14 
51 100 104 
58 59 61 111 115 147 149 151 161 162 166 175 177 178 
74 83 
Face: 164
6 7 15 
103 105 106 
159 160 161 162 165 166 167 168 169 170 179 180 
75 76 
Face: 165
6 12 15 
40 98 105 
45 46 59 139 140 144 146 162 164 166 167 169 170 
75 79 
Face: 166
7 12 15 
98 104 106 
139 140 144 162 163 164 165 168 177 179 180 
75 84 
Face: 167
6 13 15 
55 95 105 
63 64 78 131 132 134 160 164 165 168 169 170 
76 78 
Face: 168
7 13 15 
55 78 106 
63 64 78 95 97 99 160 164 166 167 179 180 
76 86 
Face: 169
6 8 15 
20 54 105 
19 20 29 62 64 66 103 104 132 164 165 167 170 
77 78 
Face: 170
6 9 15 
24 69 105 
24 25 29 83 84 104 140 146 164 165 167 169 
77 79 
Face: 171
7 8 10 
21 81 107 
21 22 30 101 102 106 135 172 173 174 175 177 179 
80 81 
Face: 172
7 9 10 
25 33 107 
26 27 30 37 38 68 102 149 171 173 175 176 177 179 
80 82 
Face: 173
7 10 16 
66 107 108 
80 81 99 135 171 172 174 175 177 179 180 181 183 
81 85 
Face: 174
8 10 16 
81 90 108 
101 102 106 121 122 135 153 171 173 181 182 183 
81 87 
Face: 175
7 10 14 
100 107 109 
147 149 151 161 163 171 172 173 176 177 178 179 186 
82 83 
Face: 176
9 10 14 
33 101 109 
37 38 68 102 148 149 156 172 175 178 185 186 
82 89 
Face: 177
7 10 12 
99 104 107 
141 143 144 162 163 166 171 172 173 175 178 179 
83 84 
Face: 178
10 12 14 
51 99 109 
58 59 61 111 115 141 143 144 163 175 176 177 186 
83 93 
Face: 179
7 10 15 
93 106 107 
126 127 144 158 164 166 168 171 172 173 175 177 180 181 
84 85 
Face: 180
7 15 16 
63 66 106 
76 77 78 80 81 99 135 164 166 168 173 179 181 
85 86 
Face: 181
10 15 16 
63 93 108 
76 77 78 126 127 144 158 173 174 179 180 183 
85 92 
Face: 182
8 11 16 
60 82 90 
70 71 77 105 106 109 121 122 135 153 174 183 184 
87 88 
Face: 183
10 11 16 
60 76 108 
70 71 77 93 94 106 158 173 174 181 182 184 
87 92 
Face: 184
11 12 16 
60 84 102 
70 71 77 108 109 113 137 138 152 153 155 182 183 
88 90 
Face: 185
9 13 14 
57 86 101 
67 68 73 114 115 116 148 149 156 176 186 
89 91 
Face: 186
10 13 14 
47 86 109 
53 54 68 114 115 116 124 143 175 176 178 185 
89 93 
Tetra: 1
1 2 3 4 
1 2 3 4 5 6 
1 2 3 4 
2 3 5 13 
Tetra: 2
1 2 3 5 
1 2 4 7 8 9 
1 5 6 7 
1 4 6 14 
Tetra: 3
1 2 4 6 
1 3 5 10 11 12 
2 8 9 10 
1 4 7 16 
Tetra: 4
1 2 5 6 
1 7 8 10 11 13 
5 8 11 12 
2 3 9 18 
Tetra: 5
1 3 4 7 
2 3 6 14 15 16 
3 13 14 15 
1 6 8 33 
Tetra: 6
1 3 5 7 
2 7 9 14 15 17 
6 13 16 17 
2 5 10 37 
Tetra: 7
1 4 6 8 
3 10 12 18 19 20 
9 18 19 20 
3 8 11 56 
Tetra: 8
1 4 7 8 
3 14 16 18 19 21 
14 18 21 22 
5 7 12 58 
Tetra: 9
1 5 6 9 
7 10 13 22 23 24 
11 23 24 25 
4 10 11 64 
Tetra: 10
1 5 7 9 
7 14 17 22 23 25 
16 23 26 27 
6 9 12 65 
Tetra: 11
1 6 8 9 
10 18 20 22 24 26 
19 24 28 29 
7 9 12 77 
Tetra: 12
1 7 8 9 
14 18 21 22 25 26 
21 26 28 30 
8 10 11 80 
Tetra: 13
2 3 4 9 
4 5 6 27 28 29 
4 31 32 33 
1 15 17 34 
Tetra: 14
2 3 5 10 
4 8 9 30 31 32 
7 34 35 36 
2 15 21 38 
Tetra: 15
2 3 9 10 
4 27 28 30 31 33 
31 34 37 38 
13 14 27 41 
Tetra: 16
2 4 6 11 
5 11 12 34 35 36 
10 39 40 41 
3 17 22 57 
Tetra: 17
2 4 9 11 
5 27 29 34 35 37 
32 39 42 43 
13 16 28 59 
Tetra: 18
2 5 6 12 
8 11 13 38 39 40 
12 44 45 46 
4 19 23 64 
Tetra: 19
2 5 8 12 
8 38 39 41 42 43 
44 47 48 49 
18 20 24 67 
Tetra: 20
2 5 8 13 
8 41 42 44 45 46 
47 50 51 52 
19 21 25 50 
Tetra: 21
2 5 10 13 
8 30 32 44 45 47 
35 50 53 54 
14 20 27 52 
Tetra: 22
2 6 11 14 
11 34 36 48 49 50 
40 55 56 57 
16 23 30 73 
Tetra: 23
2 6 12 14 
11 38 40 48 49 51 
45 55 58 59 
18 22 24 74 
Tetra: 24
2 8 12 14 
38 41 43 48 51 52 
48 58 60 61 
19 23 26 45 
Tetra: 25
2 8 13 15 
41 44 46 53 54 55 
51 62 63 64 
20 26 32 78 
Tetra: 26
2 8 14 15 
41 48 52 53 54 56 
60 62 65 66 
24 25 30 46 
Tetra: 27
2 9 10 13 
27 30 33 44 47 57 
37 53 67 68 
15 21 29 89 
Tetra: 28
2 9 11 16 
27 34 37 58 59 60 
42 69 70 71 
17 29 31 90 
Tetra: 29
2 9 13 16 
27 44 57 58 59 61 
67 69 72 73 
27 28 32 91 
Tetra: 30
2 11 14 15 
34 48 50 53 56 62 
56 65 74 75 
22 26 31 71 
Tetra: 31
2 11 15 16 
34 53 58 60 62 63 
70 74 76 77 
28 30 32 92 
Tetra: 32
2 13 15 16 
44 53 55 58 61 63 
63 72 76 78 
25 29 31 86 
Tetra: 33
3 4 7 16 
6 15 16 64 65 66 
15 79 80 81 
5 36 40 58 
Tetra: 34
3 4 9 15 
6 28 29 67 68 69 
33 82 83 84 
13 35 42 60 
Tetra: 35
3 4 14 15 
6 56 67 68 70 71 
82 85 86 87 
34 36 46 54 
Tetra: 36
3 4 14 16 
6 64 65 70 71 72 
79 85 88 89 
33 35 49 55 
Tetra: 37
3 5 7 11 
9 15 17 73 74 75 
17 90 91 92 
6 38 39 66 
Tetra: 38
3 5 10 11 
9 31 32 73 74 76 
36 90 93 94 
14 37 43 70 
Tetra: 39
3 7 11 13 
15 73 75 77 78 79 
91 95 96 97 
37 40 47 72 
Tetra: 40
3 7 13 16 
15 61 64 66 77 78 
80 95 98 99 
33 39 49 86 
Tetra: 41
3 8 9 10 
26 28 31 33 80 81 
38 100 101 102 
15 42 43 80 
Tetra: 42
3 8 9 15 
26 28 54 67 69 80 
83 100 103 104 
34 41 46 77 
Tetra: 43
3 8 10 11 
31 73 76 80 81 82 
93 101 105 106 
38 41 44 87 
Tetra: 44
3 8 11 12 
43 73 80 82 83 84 
105 107 108 109 
43 45 47 88 
Tetra: 45
3 8 12 14 
43 51 52 70 80 83 
61 107 110 111 
24 44 46 48 
Tetra: 46
3 8 14 15 
52 54 56 67 70 80 
66 86 103 110 
26 35 42 45 
Tetra: 47
3 11 12 13 
73 77 79 83 84 85 
96 108 112 113 
39 44 48 63 
Tetra: 48
3 12 13 14 
51 70 77 83 85 86 
111 112 114 115 
45 47 49 93 
Tetra: 49
3 13 14 16 
61 64 70 72 77 86 
88 98 114 116 
36 40 48 91 
Tetra: 50
4 5 8 13 
19 42 45 46 87 88 
52 117 118 119 
20 51 52 56 
Tetra: 51
4 5 8 16 
19 42 65 87 89 90 
117 120 121 122 
50 55 58 67 
Tetra: 52
4 5 10 13 
32 45 47 87 88 91 
54 118 123 124 
21 50 53 61 
Tetra: 53
4 5 10 15 
32 68 87 91 92 93 
123 125 126 127 
52 54 62 70 
Tetra: 54
4 5 14 15 
56 68 71 87 92 94 
87 125 128 129 
35 53 55 71 
Tetra: 55
4 5 14 16 
65 71 72 87 89 94 
89 120 128 130 
36 51 54 69 
Tetra: 56
4 6 8 13 
12 19 20 46 88 95 
20 119 131 132 
7 50 57 78 
Tetra: 57
4 6 11 13 
12 35 36 79 88 95 
41 131 133 134 
16 56 63 72 
Tetra: 58
4 7 8 16 
16 19 21 65 66 90 
22 81 121 135 
8 33 51 81 
Tetra: 59
4 9 11 12 
29 35 37 84 96 97 
43 136 137 138 
17 60 63 90 
Tetra: 60
4 9 12 15 
29 68 69 96 97 98 
84 136 139 140 
34 59 62 79 
Tetra: 61
4 10 12 13 
47 85 88 91 96 99 
124 141 142 143 
52 62 63 93 
Tetra: 62
4 10 12 15 
68 91 93 96 98 99 
126 139 141 144 
53 60 61 84 
Tetra: 63
4 11 12 13 
35 79 84 85 88 96 
113 133 137 142 
47 57 59 61 
Tetra: 64
5 6 9 12 
13 23 24 39 40 97 
25 46 145 146 
9 18 68 79 
Tetra: 65
5 7 9 14 
17 23 25 94 100 101 
27 147 148 149 
10 66 69 82 
Tetra: 66
5 7 11 14 
17 50 74 75 94 100 
92 147 150 151 
37 65 71 73 
Tetra: 67
5 8 12 16 
39 42 43 89 90 102 
49 122 152 153 
19 51 68 88 
Tetra: 68
5 9 12 16 
23 39 59 89 97 102 
145 152 154 155 
64 67 69 90 
Tetra: 69
5 9 14 16 
23 59 72 89 94 101 
130 148 154 156 
55 65 68 91 
Tetra: 70
5 10 11 15 
32 62 74 76 92 93 
94 127 157 158 
38 53 71 92 
Tetra: 71
5 11 14 15 
50 56 62 74 92 94 
75 129 150 157 
30 54 66 70 
Tetra: 72
6 7 11 13 
36 75 78 79 95 103 
97 134 159 160 
39 57 73 76 
Tetra: 73
6 7 11 14 
36 49 50 75 100 103 
57 151 159 161 
22 66 72 74 
Tetra: 74
6 7 12 14 
40 49 51 100 103 104 
59 161 162 163 
23 73 75 83 
Tetra: 75
6 7 12 15 
40 98 103 104 105 106 
162 164 165 166 
74 76 79 84 
Tetra: 76
6 7 13 15 
55 78 95 103 105 106 
160 164 167 168 
72 75 78 86 
Tetra: 77
6 8 9 15 
20 24 26 54 69 105 
29 104 169 170 
11 42 78 79 
Tetra: 78
6 8 13 15 
20 46 54 55 95 105 
64 132 167 169 
25 56 76 77 
Tetra: 79
6 9 12 15 
24 40 69 97 98 105 
140 146 165 170 
60 64 75 77 
Tetra: 80
7 8 9 10 
21 25 26 33 81 107 
30 102 171 172 
12 41 81 82 
Tetra: 81
7 8 10 16 
21 66 81 90 107 108 
135 171 173 174 
58 80 85 87 
Tetra: 82
7 9 10 14 
25 33 100 101 107 109 
149 172 175 176 
65 80 83 89 
Tetra: 83
7 10 12 14 
51 99 100 104 107 109 
163 175 177 178 
74 82 84 93 
Tetra: 84
7 10 12 15 
93 98 99 104 106 107 
144 166 177 179 
62 75 83 85 
Tetra: 85
7 10 15 16 
63 66 93 106 107 108 
173 179 180 181 
81 84 86 92 
Tetra: 86
7 13 15 16 
55 61 63 66 78 106 
78 99 168 180 
32 40 76 85 
Tetra: 87
8 10 11 16 
60 76 81 82 90 108 
106 174 182 183 
43 81 88 92 
Tetra: 88
8 11 12 16 
43 60 82 84 90 102 
109 153 182 184 
44 67 87 90 
Tetra: 89
9 10 13 14 
33 47 57 86 101 109 
68 176 185 186 
27 82 91 93 
Tetra: 90
9 11 12 16 
37 59 60 84 97 102 
71 138 155 184 
28 59 68 88 
Tetra: 91
9 13 14 16 
57 59 61 72 86 101 
73 116 156 185 
29 49 69 89 
Tetra: 92
10 11 15 16 
60 62 63 76 93 108 
77 158 181 183 
31 70 85 87 
Tetra: 93
10 12 13 14 
47 51 85 86 99 109 
115 143 178 186 
48 61 83 89 
