Vertex: 1
2 3 4 
1 2 4 
1 2 3 
Vertex: 2
1 3 4 5 
1 3 5 7 
1 2 4 5 
Vertex: 3
1 2 4 5 6 
2 3 6 8 10 
1 3 4 6 7 
Vertex: 4
1 2 3 5 6 7 
4 5 6 9 11 13 
2 3 5 6 8 9 
Vertex: 5
2 3 4 6 7 8 
7 8 9 12 14 16 
4 5 7 8 10 11 
Vertex: 6
3 4 5 7 8 9 
10 11 12 15 17 19 
6 7 9 10 12 13 
Vertex: 7
4 5 6 8 9 
13 14 15 18 20 
8 9 11 12 14 
Vertex: 8
5 6 7 9 
16 17 18 21 
10 11 13 14 
Vertex: 9
6 7 8 
19 20 21 
12 13 14 
Edge: 1
1 2
2 3 4 5 7 
1 2 
Edge: 2
1 3
1 3 4 6 8 10 
1 3 
Edge: 3
2 3
1 2 5 6 7 8 10 
1 4 
Edge: 4
1 4
1 2 5 6 9 11 13 
2 3 
Edge: 5
2 4
1 3 4 6 7 9 11 13 
2 5 
Edge: 6
3 4
2 3 4 5 8 9 10 11 13 
3 6 
Edge: 7
2 5
1 3 5 8 9 12 14 16 
4 5 
Edge: 8
3 5
2 3 6 7 9 10 12 14 16 
4 7 
Edge: 9
4 5
4 5 6 7 8 11 12 13 14 16 
5 8 
Edge: 10
3 6
2 3 6 8 11 12 15 17 19 
6 7 
Edge: 11
4 6
4 5 6 9 10 12 13 15 17 19 
6 9 
Edge: 12
5 6
7 8 9 10 11 14 15 16 17 19 
7 10 
Edge: 13
4 7
4 5 6 9 11 14 15 18 20 
8 9 
Edge: 14
5 7
7 8 9 12 13 15 16 18 20 
8 11 
Edge: 15
6 7
10 11 12 13 14 17 18 19 20 
9 12 
Edge: 16
5 8
7 8 9 12 14 17 18 21 
10 11 
Edge: 17
6 8
10 11 12 15 16 18 19 21 
10 13 
Edge: 18
7 8
13 14 15 16 17 20 21 
11 14 
Edge: 19
6 9
10 11 12 15 17 20 21 
12 13 
Edge: 20
7 9
13 14 15 18 19 21 
12 14 
Edge: 21
8 9
16 17 18 19 20 
13 14 
Face: 1
1 2 3 
1 2 3 
2 3 4 
Face: 2
1 2 4 
1 4 5 
1 3 5 
Face: 3
1 3 4 
2 4 6 
1 2 6 
Face: 4
2 3 5 
3 7 8 
1 5 7 
Face: 5
2 4 5 
5 7 9 
2 4 8 
Face: 6
3 4 6 
6 10 11 
3 7 9 
Face: 7
3 5 6 
8 10 12 
4 6 10 
Face: 8
4 5 7 
9 13 14 
5 9 11 
Face: 9
4 6 7 
11 13 15 
6 8 12 
Face: 10
5 6 8 
12 16 17 
7 11 13 
Face: 11
5 7 8 
14 16 18 
8 10 14 
Face: 12
6 7 9 
15 19 20 
9 13 14 
Face: 13
6 8 9 
17 19 21 
10 12 14 
Face: 14
7 8 9 
18 20 21 
11 12 13 
