Vertex: 1
2 3 4 5
1 2 3 4
1 2 3 4
Vertex: 2
1 3 5 6
1 5 8 9
1 4 5 8
Vertex: 3
1 2 4 6
2 5 6 10
1 2 5 6
Vertex: 4
1 3 5 6
3 6 7 11
2 3 6 7
Vertex: 5
1 2 4 6
4 7 8 12
3 4 7 8
Vertex: 6
2 3 4 5
9 10 11 12
5 6 7 8
Edge: 1
1 2
2 3 4 5 8 9
1 4
Edge: 2
1 3
1 3 4 5 6 10
1 2
Edge: 3
1 4
1 2 4 6 7 11
2 3
Edge: 4
1 5
1 2 3 7 8 12
3 4
Edge: 5
2 3
1 2 6 8 9 10
1 5
Edge: 6
3 4
2 3 5 7 10 11
2 6
Edge: 7
4 5
3 4 6 8 11 12
3 7
Edge: 8
2 5
1 4 5 7 9 12
4 8
Edge: 9
2 6
1 5 8 10 11 12
5 8
Edge: 10
3 6
2 5 6 9 11 12
5 6
Edge: 11
4 6
3 6 7 9 10 12
6 7
Edge: 12
5 6
4 7 8 9 10 11
7 8
Face: 1
1 2 3
1 2 5
2 4 5
Face: 2
1 3 4
2 3 6
1 3 6
Face: 3
1 4 5
3 4 7
2 4 7
Face: 4
1 2 5
1 4 8
1 3 9
Face: 5
2 3 6
5 9 10
1 6 8
Face: 6
3 4 6
6 10 11
2 5 7
Face: 7
4 5 6
7 11 12
3 6 8
Face: 8
2 5 6
8 9 12
4 5 7