11.5178
2.59663
9.22564
11.8485
11.8485
11.4486
3.45937
9.17805
11.7958
11.7958
11.3867
4.15757
9.14901
11.7474
11.7474
11.3304
4.73786
9.13395
11.7022
11.7022
11.2786
5.22961
9.12962
11.6595
11.6595
11.2305
5.65259
9.13361
11.6189
11.6189
11.1856
6.02081
9.14410
11.5800
11.5800
11.1436
6.34454
9.15964
11.5426
11.5426
11.1042
6.63154
9.17911
11.5066
11.5066
11.0670
6.88778
9.20160
11.4718
11.4718
11.0320
7.11798
9.22638
11.4381
11.4381
10.9989
7.32590
9.25287
11.4055
11.4055
10.9676
7.51460
9.28058
11.3738
11.3738
10.9380
7.68659
9.30913
11.3431
11.3431
10.9100
7.84394
9.33820
11.3133
11.3133
10.8835
7.98840
9.36752
11.2843
11.2843
10.8584
8.12143
9.39690
11.2561
11.2561
10.8346
8.24429
9.42615
11.2288
11.2288
10.8120
8.35805
9.45514
11.2022
11.2022
10.7906
8.46363
9.48376
11.1763
11.1763
10.7703
8.56184
9.51193
11.1512
11.1512
10.7510
8.65338
9.53957
11.1268
11.1268
10.7327
8.73885
9.56662
11.1031
11.1031
10.7153
8.81880
9.59306
11.0800
11.0800
10.6988
8.89370
9.61884
11.0576
11.0576
10.6832
8.96399
9.64395
11.0358
11.0358
10.6683
9.03002
9.66837
11.0146
11.0146
10.6542
9.09216
9.69210
10.9940
10.9940
10.6407
9.15068
9.71513
10.9741
10.9741
10.6280
9.20588
9.73746
10.9547
10.9547
10.6159
9.25799
9.75911
10.9358
10.9358
10.6044
9.30724
9.78007
10.9175
10.9175
10.5934
9.35383
9.80036
10.8998
10.8998
10.5830
9.39794
9.82000
10.8826
10.8826
10.5731
9.43974
9.83898
10.8658
10.8658
10.5637
9.47938
9.85733
10.8496
10.8496
10.5547
9.51700
9.87507
10.8339
10.8339
10.5462
9.55274
9.89220
10.8186
10.8186
10.5381
9.58671
9.90874
10.8038
10.8038
10.5304
9.61901
9.92472
10.7894
10.7894
10.5230
9.64976
9.94015
10.7755
10.7755
10.5160
9.67903
9.95504
10.7620
10.7620
10.5094
9.70692
9.96941
10.7489
10.7489
10.5030
9.73351
9.98327
10.7362
10.7362
10.4970
9.75887
9.99665
10.7239
10.7239
10.4912
9.78307
10.0096
10.7120
10.7120
10.4857
9.80617
10.0220
10.7004
10.7004
10.4805
9.82824
10.0340
10.6892
10.6892
10.4755
9.84932
10.0456
10.6784
10.6784
10.4707
9.86947
10.0568
10.6679
10.6679
10.4661
9.88874
10.0676
10.6577
10.6577
10.4618
9.90717
10.0780
10.6479
10.6479
10.4576
9.92481
10.0880
10.6383
10.6383
10.4537
9.94169
10.0977
10.6291
10.6291
10.4499
9.95786
10.1070
10.6202
10.6202
10.4463
9.97334
10.1160
10.6115
10.6115
10.4428
9.98818
10.1246
10.6032
10.6032
10.4395
10.0024
10.1330
10.5951
10.5951
10.4364
10.0160
10.1411
10.5872
10.5872
10.4334
10.0291
10.1488
10.5796
10.5796
10.4305
10.0416
10.1563
10.5723
10.5723
10.4277
10.0537
10.1636
10.5652
10.5652
10.4251
10.0652
10.1705
10.5583
10.5583
10.4226
10.0763
10.1773
10.5517
10.5517
10.4201
10.0869
10.1838
10.5453
10.5453
10.4178
10.0971
10.1900
10.5390
10.5390
10.4156
10.1069
10.1960
10.5330
10.5330
10.4135
10.1164
10.2019
10.5272
10.5272
10.4114
10.1254
10.2075
10.5216
10.5216
10.4095
10.1341
10.2129
10.5162
10.5162
10.4076
10.1425
10.2181
10.5109
10.5109
10.4058
10.1505
10.2231
10.5058
10.5058
10.4041
10.1582
10.2280
10.5009
10.5009
10.4025
10.1657
10.2327
10.4962
10.4962
10.4009
10.1728
10.2372
10.4916
10.4916
10.3994
10.1797
10.2415
10.4871
10.4871
10.3980
10.1863
10.2457
10.4828
10.4828
10.3966
10.1926
10.2498
10.4787
10.4787
10.3952
10.1987
10.2537
10.4747
10.4747
10.3939
10.2046
10.2575
10.4708
10.4708
10.3927
10.2103
10.2611
10.4671
10.4671
10.3915
10.2157
10.2646
10.4634
10.4634
10.3904
10.2210
10.2680
10.4599
10.4599
10.3893
10.2260
10.2713
10.4566
10.4566
10.3883
10.2309
10.2744
10.4533
10.4533
10.3873
10.2356
10.2775
10.4502
10.4502
10.3863
10.2401
10.2804
10.4471
10.4471
10.3854
10.2444
10.2832
10.4442
10.4442
10.3845
10.2486
10.2860
10.4413
10.4413
10.3836
10.2526
10.2886
10.4386
10.4386
10.3828
10.2565
10.2911
10.4359
10.4359
10.3820
10.2603
10.2936
10.4333
10.4333
10.3812
10.2639
10.2960
10.4309
10.4309
10.3805
10.2673
10.2982
10.4285
10.4285
10.3798
10.2707
10.3004
10.4262
10.4262
10.3791
10.2739
10.3026
10.4239
10.4239
10.3785
10.2770
10.3046
10.4218
10.4218
10.3778
10.2800
10.3066
10.4197
10.4197
10.3772
10.2829
10.3085
10.4177
10.4177
10.3767
10.2856
10.3103
10.4157
10.4157
10.3761
10.2883
10.3121
10.4139
10.4139
10.3756
10.2909
10.3138
10.4120
10.4120
10.3750
10.2934
10.3155
10.4103
10.4103
10.3745
10.2958
10.3171
10.4086
10.4086
10.3741
10.2981
10.3186
10.4070
10.4070
10.3736
10.3003
10.3201
10.4054
10.4054
10.3732
10.3025
10.3215
10.4039
10.4039
10.3727
10.3046
10.3229
10.4024
10.4024
10.3723
10.3066
10.3243
10.4010
10.4010
10.3719
10.3085
10.3256
10.3996
10.3996
10.3715
10.3103
10.3268
10.3983
10.3983
10.3712
10.3121
10.3280
10.3970
10.3970
10.3708
10.3139
10.3292
10.3958
10.3958
10.3705
10.3155
10.3303
10.3946
10.3946
10.3701
10.3171
10.3314
10.3934
10.3934
10.3698
10.3187
10.3324
10.3923
10.3923
10.3695
10.3202
10.3334
10.3912
10.3912
10.3692
10.3216
10.3344
10.3902
10.3902
10.3689
10.3230
10.3353
10.3892
10.3892
10.3687
10.3243
10.3362
10.3882
10.3882
10.3684
10.3256
10.3371
10.3873
10.3873
10.3681
10.3269
10.3379
10.3864
10.3864
10.3679
10.3281
10.3387
10.3855
10.3855
10.3677
10.3293
10.3395
10.3847
10.3847
10.3674
10.3304
10.3403
10.3839
10.3839
10.3672
10.3315
10.3410
10.3831
10.3831
10.3670
10.3325
10.3417
10.3823
10.3823
10.3668
10.3335
10.3424
10.3816
10.3816
10.3666
10.3345
10.3430
10.3809
10.3809
10.3664
10.3354
10.3437
10.3802
10.3802
10.3662
10.3363
10.3443
10.3795
10.3795
10.3661
10.3372
10.3449
10.3789
10.3789
10.3659
10.3380
10.3454
10.3783
10.3783
10.3657
10.3388
10.3460
10.3777
10.3777
10.3656
10.3396
10.3465
10.3771
10.3771
10.3654
10.3404
10.3470
10.3766
10.3766
10.3653
10.3411
10.3475
10.3761
10.3761
10.3651
10.3418
10.3480
10.3755
10.3755
10.3650
10.3425
10.3485
10.3750
10.3750
10.3649
10.3431
10.3489
10.3746
10.3746
10.3647
10.3438
10.3493
10.3741
10.3741
10.3646
10.3444
10.3497
10.3737
10.3737
10.3645
10.3450
10.3501
10.3732
10.3732
10.3644
10.3455
10.3505
10.3728
10.3728
10.3643
10.3461
10.3509
10.3724
10.3724
10.3642
10.3466
10.3513
10.3720
10.3720
10.3640
10.3471
10.3516
10.3716
10.3716
10.3640
10.3476
10.3519
10.3713
10.3713
10.3639
10.3481
10.3523
10.3709
10.3709
10.3638
10.3485
10.3526
10.3706
10.3706
10.3637
10.3490
10.3529
10.3703
10.3703
10.3636
10.3494
10.3532
10.3700
10.3700
10.3635
10.3498
10.3535
10.3697
10.3697
10.3634
10.3502
10.3537
10.3694
10.3694
10.3633
10.3506
10.3540
10.3691
10.3691
10.3633
10.3510
10.3542
10.3688
10.3688
10.3632
10.3513
10.3545
10.3685
10.3685
10.3631
10.3517
10.3547
10.3683
10.3683
10.3631
10.3520
10.3549
10.3680
10.3680
10.3630
10.3523
10.3552
10.3678
10.3678
10.3629
10.3526
10.3554
10.3676
10.3676
10.3629
10.3529
10.3556
10.3674
10.3674
10.3628
10.3532
10.3558
10.3671
10.3671
10.3628
10.3535
10.3560
10.3669
10.3669
10.3627
10.3538
10.3561
10.3667
10.3667
10.3627
10.3540
10.3563
10.3666
10.3666
10.3626
10.3543
10.3565
10.3664
10.3664
10.3626
10.3545
10.3567
10.3662
10.3662
10.3625
10.3548
10.3568
10.3660
10.3660
10.3625
10.3550
10.3570
10.3659
10.3659
10.3624
10.3552
10.3571
10.3657
10.3657
10.3624
10.3554
10.3573
10.3655
10.3655
10.3623
10.3556
10.3574
10.3654
10.3654
10.3623
10.3558
10.3575
10.3652
10.3652
10.3623
10.3560
10.3577
10.3651
10.3651
10.3622
10.3562
10.3578
10.3650
10.3650
10.3622
10.3564
10.3579
10.3648
10.3648
10.3622
10.3565
10.3580
10.3647
10.3647
10.3621
10.3567
10.3581
10.3646
10.3646
10.3621
10.3568
10.3582
10.3645
10.3645
10.3621
10.3570
10.3583
10.3644
10.3644
10.3620
10.3571
10.3584
10.3643
10.3643
10.3620
10.3573
10.3585
10.3641
10.3641
10.3620
10.3574
10.3586
10.3640
10.3640
10.3620
10.3576
10.3587
10.3639
10.3639
10.3619
10.3577
10.3588
10.3639
10.3639
10.3619
10.3578
10.3589
10.3638
10.3638
10.3619
10.3579
10.3590
10.3637
10.3637
10.3619
10.3580
10.3591
10.3636
10.3636
10.3618
10.3582
10.3591
10.3635
10.3635
10.3618
10.3583
10.3592
10.3634
10.3634
10.3618
10.3584
10.3593
10.3634
10.3634
10.3618
10.3585
10.3593
10.3633
10.3633
10.3618
10.3586
10.3594
10.3632
10.3632
10.3617
10.3587
10.3595
10.3631
10.3631
10.3617
10.3587
10.3595
10.3631
10.3631
10.3617
10.3588
10.3596
10.3630
10.3630
10.3617
10.3589
10.3596
10.3629
10.3629
10.3617
10.3590
10.3597
10.3629
10.3629
10.3617
10.3591
10.3598
10.3628
10.3628
