facets:=[[1,2,3,4],[1,2,3,5],[1,2,4,6],[1,2,5,6],[1,3,4,7],[1,3,5,7],
  [1,4,6,8],[1,4,7,8],[1,5,6,8],[1,5,7,8],[2,3,4,9],[2,3,5,10],[2,3,8,9],
  [2,3,8,10],[2,4,6,11],[2,4,9,11],[2,5,6,12],[2,5,10,13],[2,5,12,13],
  [2,6,11,12],[2,7,10,14],[2,7,10,15],[2,7,12,14],[2,7,12,16],
  [2,7,15,16],[2,8,9,17],[2,8,10,17],[2,9,11,17],[2,10,13,14],
  [2,10,15,17],[2,11,12,16],[2,11,15,16],[2,11,15,17],[2,12,13,14],
  [3,4,7,16],[3,4,9,18],[3,4,16,18],[3,5,7,11],[3,5,10,11],[3,6,13,14],
  [3,6,13,17],[3,6,14,15],[3,6,15,19],[3,6,17,19],[3,7,11,13],
  [3,7,13,16],[3,8,9,19],[3,8,10,11],[3,8,11,19],[3,9,12,15],[3,9,12,18],
  [3,9,15,19],[3,11,13,17],[3,11,17,19],[3,12,13,14],[3,12,13,18],
  [3,12,14,15],[3,13,16,18],[4,5,9,11],[4,5,9,18],[4,5,10,11],
  [4,5,10,13],[4,5,13,19],[4,5,14,15],[4,5,14,19],[4,5,15,18],[4,6,8,13],
  [4,6,10,11],[4,6,10,13],[4,7,8,14],[4,7,12,14],[4,7,12,16],[4,8,13,19],
  [4,8,14,19],[4,12,14,15],[4,12,15,17],[4,12,16,17],[4,15,17,18],
  [4,16,17,18],[5,6,8,17],[5,6,12,19],[5,6,17,19],[5,7,8,18],[5,7,9,11],
  [5,7,9,18],[5,8,15,16],[5,8,15,18],[5,8,16,17],[5,12,13,19],
  [5,14,15,16],[5,14,16,17],[5,14,17,19],[6,7,9,16],[6,7,9,18],
  [6,7,15,16],[6,7,15,19],[6,7,18,19],[6,8,13,17],[6,9,10,12],
  [6,9,10,16],[6,9,12,18],[6,10,11,12],[6,10,13,14],[6,10,14,16],
  [6,12,18,19],[6,14,15,16],[7,8,14,18],[7,9,11,13],[7,9,13,16],
  [7,10,14,18],[7,10,15,19],[7,10,18,19],[8,9,13,17],[8,9,13,19],
  [8,10,11,12],[8,10,12,17],[8,11,12,16],[8,11,14,18],[8,11,14,19],
  [8,11,15,16],[8,11,15,18],[8,12,16,17],[9,10,12,15],[9,10,15,19],
  [9,10,16,19],[9,11,13,17],[9,13,16,19],[10,12,15,17],[10,14,16,18],
  [10,16,18,19],[11,14,17,18],[11,14,17,19],[11,15,17,18],[12,13,18,19],
  [13,16,18,19],[14,16,17,18]];