Vertex: 1
2 3 4 5 6 7 8 
1 2 3 7 10 14 18 
1 2 3 5 6 8 9 11 13 14 16 18 19 21 23 
1 2 3 4 5 6 7 8 9 10 
Vertex: 2
1 3 4 5 6 7 8 9 10 11 12 13 14 15 16 17 
1 4 5 8 11 23 26 29 33 37 40 45 46 50 55 59 
1 2 4 5 7 8 10 12 26 27 29 30 32 33 35 37 38 40 42 43 45 46 48 50 52 53 54 56 57 59 60 62 63 65 67 68 70 72 74 76 78 80 
1 2 3 4 11 12 13 14 15 16 17 18 19 20 21 22 23 24 25 26 27 28 29 30 31 32 33 34 
Vertex: 3
1 2 4 5 6 7 8 9 10 11 12 13 14 15 16 17 18 19 
2 4 6 9 15 24 27 30 68 70 74 78 79 80 83 86 89 100 
1 3 4 6 7 13 15 17 26 28 29 31 32 34 36 84 85 87 88 90 92 93 95 97 98 99 101 102 104 105 107 108 110 112 113 115 117 118 120 122 124 125 126 128 131 134 135 136 
1 2 5 6 11 12 13 14 35 36 37 38 39 40 41 42 43 44 45 46 47 48 49 50 51 52 53 54 55 56 57 58 
Vertex: 4
1 2 3 5 6 7 8 9 10 11 12 13 14 15 16 17 18 19 
3 5 6 12 16 19 25 34 69 71 106 109 110 111 114 115 123 124 
2 3 4 9 10 14 15 18 20 22 27 28 37 39 41 84 86 87 89 91 140 141 143 145 146 147 148 149 150 152 153 154 156 158 160 161 163 166 167 169 170 171 172 175 176 177 179 181 
1 3 5 7 8 11 15 16 35 36 37 59 60 61 62 63 64 65 66 67 68 69 70 71 72 73 74 75 76 77 78 79 
Vertex: 5
1 2 3 4 6 7 8 9 10 11 12 13 14 15 16 17 18 19 
7 8 9 13 17 22 28 38 41 75 106 107 108 112 116 117 128 133 
5 6 7 11 12 16 17 23 24 25 30 31 42 44 45 47 49 92 94 96 140 141 142 143 144 145 147 149 151 152 153 155 157 159 184 185 187 188 190 191 192 194 197 198 199 202 205 207 
2 4 6 9 10 12 17 18 19 38 39 59 60 61 62 63 64 65 66 80 81 82 83 84 85 86 87 88 89 90 91 92 
Vertex: 6
1 2 3 4 5 7 8 9 10 11 12 13 14 15 16 17 18 19 
10 11 12 13 20 35 39 78 81 82 84 87 90 121 138 139 140 142 
8 9 10 11 12 19 20 24 38 39 43 44 51 97 98 100 101 103 104 106 107 109 111 160 162 163 164 165 184 186 187 189 210 211 212 214 215 216 217 218 220 223 224 225 227 229 231 232 
3 4 7 9 15 17 20 40 41 42 43 44 67 68 69 80 81 82 93 94 95 96 97 98 99 100 101 102 103 104 105 106 
Vertex: 7
1 2 3 4 5 6 8 9 10 11 12 13 14 15 16 18 19 
14 15 16 17 21 45 47 48 51 53 56 76 93 130 132 138 143 
13 14 15 16 17 21 22 25 52 53 55 56 58 59 61 62 64 66 85 86 93 94 112 114 116 166 168 169 191 193 194 195 196 210 211 213 214 216 218 219 221 235 237 240 242 
5 6 8 10 21 22 23 24 25 35 38 45 46 70 71 72 83 84 85 93 94 95 96 97 107 108 109 110 111 112 
Vertex: 8
1 2 3 4 5 6 7 9 10 11 12 13 14 15 16 17 18 19 
18 19 20 21 22 29 30 31 32 60 96 98 120 122 131 134 135 152 
18 19 20 21 22 23 24 25 32 33 34 35 36 67 69 71 117 119 120 121 123 161 162 167 168 172 173 174 185 186 192 193 197 198 200 201 203 222 236 245 248 249 250 252 253 254 255 258 
7 8 9 10 13 14 26 27 47 48 49 67 70 73 74 80 83 86 87 88 98 107 113 114 115 116 117 118 119 120 121 122 
Vertex: 9
2 3 4 5 6 7 8 10 11 12 13 15 16 17 18 19 
23 24 25 31 36 61 72 97 101 102 107 132 139 141 145 149 
26 27 28 33 34 40 41 68 69 73 88 89 118 119 124 125 127 129 130 140 142 144 194 195 196 210 212 213 215 223 224 226 228 237 238 239 245 246 247 260 262 263 
11 13 16 26 28 36 47 50 51 52 59 60 84 85 93 94 99 100 101 108 109 113 114 123 124 125 126 127 
Vertex: 10
2 3 4 5 6 7 8 9 11 12 13 14 15 16 17 18 19 
26 27 28 32 42 47 49 52 62 77 109 121 145 146 147 150 151 
29 30 31 35 36 46 47 52 54 55 57 58 70 71 75 77 95 96 121 145 146 148 163 164 165 223 225 226 227 228 230 231 233 240 241 242 243 244 248 251 260 261 262 264 266 
12 14 18 21 22 27 29 30 39 48 61 62 68 69 99 100 102 103 104 110 111 112 115 116 123 124 125 128 129 130 
Vertex: 11
2 3 4 5 6 7 8 9 10 12 13 14 15 16 17 18 19 
33 34 35 36 44 63 66 67 74 75 76 77 94 98 99 153 154 
37 38 39 40 41 50 51 72 73 78 79 80 81 82 92 93 94 95 96 113 114 120 121 122 123 131 132 133 141 142 146 164 195 230 238 249 252 254 255 256 257 258 259 269 270 
15 16 20 28 31 32 33 38 39 45 48 49 53 54 59 61 68 84 102 108 115 117 118 119 120 121 126 131 132 133 
Vertex: 12
2 3 4 5 6 7 8 9 10 11 13 14 15 16 17 18 19 
37 38 39 43 44 53 54 57 100 101 103 104 123 125 129 146 152 
42 43 44 48 49 50 51 59 60 61 63 64 79 83 124 126 127 128 129 134 135 137 138 169 170 171 175 176 178 180 188 189 204 224 225 226 229 230 234 248 249 250 251 253 261 
17 19 20 23 24 31 34 50 51 55 56 57 71 72 75 76 77 81 89 99 101 102 105 115 116 117 122 123 128 134 
Vertex: 13
2 3 4 5 6 7 8 9 10 11 12 14 16 17 18 19 
40 41 42 43 64 79 81 85 93 94 95 105 110 113 120 149 
45 46 47 48 49 74 75 83 97 99 100 102 103 112 113 114 115 116 132 134 136 137 139 147 148 150 151 160 161 162 165 173 204 222 237 238 239 245 246 247 265 272 
18 19 29 34 40 41 45 46 53 55 56 58 62 63 67 69 73 89 98 103 108 109 113 114 126 127 134 135 
Vertex: 14
2 3 4 5 6 7 8 10 11 12 13 15 16 17 18 19 
46 48 49 54 64 80 82 88 114 116 118 122 136 137 148 153 
53 54 55 60 61 74 75 83 98 99 100 105 106 135 138 152 154 155 156 157 166 167 168 170 174 205 206 207 208 209 231 232 233 235 236 241 254 256 257 267 269 271 
21 23 29 34 40 42 55 57 64 65 70 71 74 75 90 91 92 103 104 106 107 110 118 119 129 131 132 136 
Vertex: 15
2 3 4 5 6 7 8 9 10 11 12 14 16 17 18 19 
50 51 52 58 65 67 86 87 88 91 102 103 115 117 119 134 
56 57 58 65 66 76 77 80 81 82 104 105 106 108 109 125 126 127 130 138 153 154 155 158 159 175 177 178 182 197 199 200 201 206 216 217 219 243 258 259 260 261 
22 25 30 32 33 42 43 50 52 57 64 66 75 76 78 86 87 90 95 96 106 111 120 121 123 124 128 133 
Vertex: 16
2 3 4 5 6 7 8 9 10 11 12 13 14 15 17 18 19 
55 56 57 58 66 68 69 73 95 126 133 135 136 140 141 147 155 
62 63 64 65 66 78 79 81 84 85 86 90 91 115 116 139 171 179 180 183 198 199 200 202 203 205 206 208 211 212 213 217 227 228 232 233 239 252 253 263 264 265 266 267 268 
24 25 31 32 35 37 46 58 72 77 79 86 88 90 91 93 95 100 104 106 109 117 120 122 125 127 129 130 135 136 
Vertex: 17
2 3 4 5 6 8 9 10 11 12 13 14 15 16 18 19 
59 60 61 62 63 65 83 84 85 92 124 125 126 127 128 137 
67 68 69 70 71 72 73 76 77 82 101 102 103 110 111 131 132 133 176 177 178 179 180 181 182 183 184 185 186 190 202 203 207 208 209 222 246 250 251 269 270 271 
26 27 28 30 33 41 44 53 54 76 77 78 79 80 82 88 91 92 98 113 116 122 126 128 131 132 133 136 
Vertex: 18
3 4 5 6 7 8 9 10 11 12 13 14 15 16 17 19 
70 71 72 73 104 105 108 119 127 130 131 142 144 148 150 154 
87 88 89 90 91 128 129 136 137 139 143 144 158 159 181 182 183 191 192 193 196 201 214 215 220 221 229 234 235 236 240 241 244 255 256 259 266 267 268 270 271 272 
36 37 51 56 58 60 66 78 79 83 85 87 94 97 101 105 107 110 112 118 121 129 130 131 133 134 135 136 
Vertex: 19
3 4 5 6 7 8 9 10 11 12 13 14 15 16 17 18 
89 90 91 92 96 97 99 111 112 113 118 129 143 144 151 155 
107 108 109 110 111 117 118 119 122 123 130 133 149 150 151 156 157 172 173 174 187 188 189 190 204 209 218 219 220 221 234 242 243 244 247 257 262 263 264 265 268 272 
43 44 47 49 52 54 63 65 73 74 81 82 89 92 96 97 105 111 112 114 119 124 125 127 130 132 134 135 
Edge: 1
1 2
2 3 4 5 7 8 10 11 14 18 23 26 29 33 37 40 45 46 50 55 59 
1 2 5 8 
1 2 3 4 
Edge: 2
1 3
1 3 4 6 7 9 10 14 15 18 24 27 30 68 70 74 78 79 80 83 86 89 100 
1 3 6 13 
1 2 5 6 
Edge: 3
1 4
1 2 5 6 7 10 12 14 16 18 19 25 34 69 71 106 109 110 111 114 115 123 124 
2 3 9 14 18 
1 3 5 7 8 
Edge: 4
2 3
1 2 5 6 8 9 11 15 23 24 26 27 29 30 33 37 40 45 46 50 55 59 68 70 74 78 79 80 83 86 89 100 
1 4 7 26 29 32 
1 2 11 12 13 14 
Edge: 5
2 4
1 3 4 6 8 11 12 16 19 23 25 26 29 33 34 37 40 45 46 50 55 59 69 71 106 109 110 111 114 115 123 124 
2 4 10 27 37 
1 3 11 15 16 
Edge: 6
3 4
2 3 4 5 9 12 15 16 19 24 25 27 30 34 68 69 70 71 74 78 79 80 83 86 89 100 106 109 110 111 114 115 123 124 
3 4 15 28 84 87 
1 5 11 35 36 37 
Edge: 7
1 5
1 2 3 8 9 10 13 14 17 18 22 28 38 41 75 106 107 108 112 116 117 128 133 
5 6 11 16 23 
2 4 6 9 10 
Edge: 8
2 5
1 4 5 7 9 11 13 17 22 23 26 28 29 33 37 38 40 41 45 46 50 55 59 75 106 107 108 112 116 117 128 133 
5 7 12 30 42 45 
2 4 12 17 18 19 
Edge: 9
3 5
2 4 6 7 8 13 15 17 22 24 27 28 30 38 41 68 70 74 75 78 79 80 83 86 89 100 106 107 108 112 116 117 128 133 
6 7 17 31 92 
2 6 12 38 39 
Edge: 10
1 6
1 2 3 7 11 12 13 14 18 20 35 39 78 81 82 84 87 90 121 138 139 140 142 
8 9 11 19 
3 4 7 9 
Edge: 11
2 6
1 4 5 8 10 12 13 20 23 26 29 33 35 37 39 40 45 46 50 55 59 78 81 82 84 87 90 121 138 139 140 142 
8 10 12 38 43 
3 4 15 17 20 
Edge: 12
4 6
3 5 6 10 11 13 16 19 20 25 34 35 39 69 71 78 81 82 84 87 90 106 109 110 111 114 115 121 123 124 138 139 140 142 
9 10 20 39 160 163 
3 7 15 67 68 69 
Edge: 13
5 6
7 8 9 10 11 12 17 20 22 28 35 38 39 41 75 78 81 82 84 87 90 106 107 108 112 116 117 121 128 133 138 139 140 142 
11 12 24 44 184 187 
4 9 17 80 81 82 
Edge: 14
1 7
1 2 3 7 10 15 16 17 18 21 45 47 48 51 53 56 76 93 130 132 138 143 
13 14 16 21 
5 6 8 10 
Edge: 15
3 7
2 4 6 9 14 16 17 21 24 27 30 45 47 48 51 53 56 68 70 74 76 78 79 80 83 86 89 93 100 130 132 138 143 
13 15 17 85 93 112 
5 6 35 38 45 46 
Edge: 16
4 7
3 5 6 12 14 15 17 19 21 25 34 45 47 48 51 53 56 69 71 76 93 106 109 110 111 114 115 123 124 130 132 138 143 
14 15 22 86 166 169 
5 8 35 70 71 72 
Edge: 17
5 7
7 8 9 13 14 15 16 21 22 28 38 41 45 47 48 51 53 56 75 76 93 106 107 108 112 116 117 128 130 132 133 138 143 
16 17 25 94 191 194 
6 10 38 83 84 85 
Edge: 18
1 8
1 2 3 7 10 14 19 20 21 22 29 30 31 32 60 96 98 120 122 131 134 135 152 
18 19 21 23 
7 8 9 10 
Edge: 19
4 8
3 5 6 12 16 18 20 21 22 25 29 30 31 32 34 60 69 71 96 98 106 109 110 111 114 115 120 122 123 124 131 134 135 152 
18 20 22 161 167 172 
7 8 67 70 73 74 
Edge: 20
6 8
10 11 12 13 18 19 21 22 29 30 31 32 35 39 60 78 81 82 84 87 90 96 98 120 121 122 131 134 135 138 139 140 142 152 
19 20 24 162 186 
7 9 67 80 98 
Edge: 21
7 8
14 15 16 17 18 19 20 22 29 30 31 32 45 47 48 51 53 56 60 76 93 96 98 120 122 130 131 132 134 135 138 143 152 
21 22 25 168 193 
8 10 70 83 107 
Edge: 22
5 8
7 8 9 13 17 18 19 20 21 28 29 30 31 32 38 41 60 75 96 98 106 107 108 112 116 117 120 122 128 131 133 134 135 152 
23 24 25 185 192 197 198 
9 10 80 83 86 87 88 
Edge: 23
2 9
1 4 5 8 11 24 25 26 29 31 33 36 37 40 45 46 50 55 59 61 72 97 101 102 107 132 139 141 145 149 
26 27 33 40 68 
11 13 16 26 28 
Edge: 24
3 9
2 4 6 9 15 23 25 27 30 31 36 61 68 70 72 74 78 79 80 83 86 89 97 100 101 102 107 132 139 141 145 149 
26 28 34 88 118 124 125 
11 13 36 47 50 51 52 
Edge: 25
4 9
3 5 6 12 16 19 23 24 31 34 36 61 69 71 72 97 101 102 106 107 109 110 111 114 115 123 124 132 139 141 145 149 
27 28 41 89 140 
11 16 36 59 60 
Edge: 26
2 10
1 4 5 8 11 23 27 28 29 32 33 37 40 42 45 46 47 49 50 52 55 59 62 77 109 121 145 146 147 150 151 
29 30 35 46 52 54 57 70 
12 14 18 21 22 27 29 30 
Edge: 27
3 10
2 4 6 9 15 24 26 28 30 32 42 47 49 52 62 68 70 74 77 78 79 80 83 86 89 100 109 121 145 146 147 150 151 
29 31 36 95 
12 14 39 48 
Edge: 28
5 10
7 8 9 13 17 22 26 27 32 38 41 42 47 49 52 62 75 77 106 107 108 109 112 116 117 121 128 133 145 146 147 150 151 
30 31 47 96 145 
12 18 39 61 62 
Edge: 29
2 8
1 4 5 8 11 18 19 20 21 22 23 26 30 31 32 33 37 40 45 46 50 55 59 60 96 98 120 122 131 134 135 152 
32 33 35 67 
13 14 26 27 
Edge: 30
3 8
2 4 6 9 15 18 19 20 21 22 24 27 29 31 32 60 68 70 74 78 79 80 83 86 89 96 98 100 120 122 131 134 135 152 
32 34 36 117 120 
13 14 47 48 49 
Edge: 31
8 9
18 19 20 21 22 23 24 25 29 30 32 36 60 61 72 96 97 98 101 102 107 120 122 131 132 134 135 139 141 145 149 152 
33 34 69 119 245 
13 26 47 113 114 
Edge: 32
8 10
18 19 20 21 22 26 27 28 29 30 31 42 47 49 52 60 62 77 96 98 109 120 121 122 131 134 135 145 146 147 150 151 152 
35 36 71 121 248 
14 27 48 115 116 
Edge: 33
2 11
1 4 5 8 11 23 26 29 34 35 36 37 40 44 45 46 50 55 59 63 66 67 74 75 76 77 94 98 99 153 154 
37 38 40 50 72 78 80 
15 16 20 28 31 32 33 
Edge: 34
4 11
3 5 6 12 16 19 25 33 35 36 44 63 66 67 69 71 74 75 76 77 94 98 99 106 109 110 111 114 115 123 124 153 154 
37 39 41 141 146 
15 16 59 61 68 
Edge: 35
6 11
10 11 12 13 20 33 34 36 39 44 63 66 67 74 75 76 77 78 81 82 84 87 90 94 98 99 121 138 139 140 142 153 154 
38 39 51 164 
15 20 68 102 
Edge: 36
9 11
23 24 25 31 33 34 35 44 61 63 66 67 72 74 75 76 77 94 97 98 99 101 102 107 132 139 141 145 149 153 154 
40 41 73 142 195 238 
16 28 59 84 108 126 
Edge: 37
2 12
1 4 5 8 11 23 26 29 33 38 39 40 43 44 45 46 50 53 54 55 57 59 100 101 103 104 123 125 129 146 152 
42 43 48 50 59 60 63 
17 19 20 23 24 31 34 
Edge: 38
5 12
7 8 9 13 17 22 28 37 39 41 43 44 53 54 57 75 100 101 103 104 106 107 108 112 116 117 123 125 128 129 133 146 152 
42 44 49 188 
17 19 81 89 
Edge: 39
6 12
10 11 12 13 20 35 37 38 43 44 53 54 57 78 81 82 84 87 90 100 101 103 104 121 123 125 129 138 139 140 142 146 152 
43 44 51 189 224 225 229 
17 20 81 99 101 102 105 
Edge: 40
2 13
1 4 5 8 11 23 26 29 33 37 41 42 43 45 46 50 55 59 64 79 81 85 93 94 95 105 110 113 120 149 
45 46 48 74 
18 19 29 34 
Edge: 41
5 13
7 8 9 13 17 22 28 38 40 42 43 64 75 79 81 85 93 94 95 105 106 107 108 110 112 113 116 117 120 128 133 149 
45 47 49 147 151 
18 19 62 63 89 
Edge: 42
10 13
26 27 28 32 40 41 43 47 49 52 62 64 77 79 81 85 93 94 95 105 109 110 113 120 121 145 146 147 149 150 151 
46 47 75 148 165 
18 29 62 69 103 
Edge: 43
12 13
37 38 39 40 41 42 44 53 54 57 64 79 81 85 93 94 95 100 101 103 104 105 110 113 120 123 125 129 146 149 152 
48 49 83 134 137 204 
19 34 55 56 89 134 
Edge: 44
11 12
33 34 35 36 37 38 39 43 53 54 57 63 66 67 74 75 76 77 94 98 99 100 101 103 104 123 125 129 146 152 153 154 
50 51 79 230 249 
20 31 102 115 117 
Edge: 45
2 7
1 4 5 8 11 14 15 16 17 21 23 26 29 33 37 40 46 47 48 50 51 53 55 56 59 76 93 130 132 138 143 
52 53 56 59 62 
21 22 23 24 25 
Edge: 46
2 14
1 4 5 8 11 23 26 29 33 37 40 45 48 49 50 54 55 59 64 80 82 88 114 116 118 122 136 137 148 153 
53 54 60 74 
21 23 29 34 
Edge: 47
7 10
14 15 16 17 21 26 27 28 32 42 45 48 49 51 52 53 56 62 76 77 93 109 121 130 132 138 143 145 146 147 150 151 
52 55 58 240 242 
21 22 110 111 112 
Edge: 48
7 14
14 15 16 17 21 45 46 47 49 51 53 54 56 64 76 80 82 88 93 114 116 118 122 130 132 136 137 138 143 148 153 
53 55 61 166 168 235 
21 23 70 71 107 110 
Edge: 49
10 14
26 27 28 32 42 46 47 48 52 54 62 64 77 80 82 88 109 114 116 118 121 122 136 137 145 146 147 148 150 151 153 
54 55 75 231 233 241 
21 29 103 104 110 129 
Edge: 50
2 15
1 4 5 8 11 23 26 29 33 37 40 45 46 51 52 55 58 59 65 67 86 87 88 91 102 103 115 117 119 134 
56 57 65 76 80 
22 25 30 32 33 
Edge: 51
7 15
14 15 16 17 21 45 47 48 50 52 53 56 58 65 67 76 86 87 88 91 93 102 103 115 117 119 130 132 134 138 143 
56 58 66 216 219 
22 25 95 96 111 
Edge: 52
10 15
26 27 28 32 42 47 49 50 51 58 62 65 67 77 86 87 88 91 102 103 109 115 117 119 121 134 145 146 147 150 151 
57 58 77 243 260 261 
22 30 111 123 124 128 
Edge: 53
7 12
14 15 16 17 21 37 38 39 43 44 45 47 48 51 54 56 57 76 93 100 101 103 104 123 125 129 130 132 138 143 146 152 
59 61 64 169 
23 24 71 72 
Edge: 54
12 14
37 38 39 43 44 46 48 49 53 57 64 80 82 88 100 101 103 104 114 116 118 122 123 125 129 136 137 146 148 152 153 
60 61 83 135 138 170 
23 34 55 57 71 75 
Edge: 55
2 16
1 4 5 8 11 23 26 29 33 37 40 45 46 50 56 57 58 59 66 68 69 73 95 126 133 135 136 140 141 147 155 
62 63 65 78 
24 25 31 32 
Edge: 56
7 16
14 15 16 17 21 45 47 48 51 53 55 57 58 66 68 69 73 76 93 95 126 130 132 133 135 136 138 140 141 143 147 155 
62 64 66 85 86 116 211 213 
24 25 35 46 72 93 95 109 
Edge: 57
12 16
37 38 39 43 44 53 54 55 56 58 66 68 69 73 95 100 101 103 104 123 125 126 129 133 135 136 140 141 146 147 152 155 
63 64 79 171 180 253 
24 31 72 77 117 122 
Edge: 58
15 16
50 51 52 55 56 57 65 66 67 68 69 73 86 87 88 91 95 102 103 115 117 119 126 133 134 135 136 140 141 147 155 
65 66 81 199 200 206 217 
25 32 86 90 95 106 120 
Edge: 59
2 17
1 4 5 8 11 23 26 29 33 37 40 45 46 50 55 60 61 62 63 65 83 84 85 92 124 125 126 127 128 137 
67 68 70 72 76 
26 27 28 30 33 
Edge: 60
8 17
18 19 20 21 22 29 30 31 32 59 61 62 63 65 83 84 85 92 96 98 120 122 124 125 126 127 128 131 134 135 137 152 
67 69 71 185 186 203 222 250 
26 27 80 88 98 113 116 122 
Edge: 61
9 17
23 24 25 31 36 59 60 62 63 65 72 83 84 85 92 97 101 102 107 124 125 126 127 128 132 137 139 141 145 149 
68 69 73 246 
26 28 113 126 
Edge: 62
10 17
26 27 28 32 42 47 49 52 59 60 61 63 65 77 83 84 85 92 109 121 124 125 126 127 128 137 145 146 147 150 151 
70 71 77 251 
27 30 116 128 
Edge: 63
11 17
33 34 35 36 44 59 60 61 62 65 66 67 74 75 76 77 83 84 85 92 94 98 99 124 125 126 127 128 137 153 154 
72 73 82 131 132 133 269 270 
28 33 53 54 126 131 132 133 
Edge: 64
13 14
40 41 42 43 46 48 49 54 79 80 81 82 85 88 93 94 95 105 110 113 114 116 118 120 122 136 137 148 149 153 
74 75 83 99 100 
29 34 40 55 103 
Edge: 65
15 17
50 51 52 58 59 60 61 62 63 67 83 84 85 86 87 88 91 92 102 103 115 117 119 124 125 126 127 128 134 137 
76 77 82 177 178 182 
30 33 76 78 128 133 
Edge: 66
11 16
33 34 35 36 44 55 56 57 58 63 67 68 69 73 74 75 76 77 94 95 98 99 126 133 135 136 140 141 147 153 154 155 
78 79 81 252 
31 32 117 120 
Edge: 67
11 15
33 34 35 36 44 50 51 52 58 63 65 66 74 75 76 77 86 87 88 91 94 98 99 102 103 115 117 119 134 153 154 
80 81 82 258 259 
32 33 120 121 133 
Edge: 68
3 16
2 4 6 9 15 24 27 30 55 56 57 58 66 69 70 73 74 78 79 80 83 86 89 95 100 126 133 135 136 140 141 147 155 
84 85 90 115 
35 37 46 58 
Edge: 69
4 16
3 5 6 12 16 19 25 34 55 56 57 58 66 68 71 73 95 106 109 110 111 114 115 123 124 126 133 135 136 140 141 147 155 
84 86 91 171 179 
35 37 72 77 79 
Edge: 70
3 18
2 4 6 9 15 24 27 30 68 71 72 73 74 78 79 80 83 86 89 100 104 105 108 119 127 130 131 142 144 148 150 154 
87 88 90 128 136 
36 37 51 56 58 
Edge: 71
4 18
3 5 6 12 16 19 25 34 69 70 72 73 104 105 106 108 109 110 111 114 115 119 123 124 127 130 131 142 144 148 150 154 
87 89 91 143 158 181 
36 37 60 66 78 79 
Edge: 72
9 18
23 24 25 31 36 61 70 71 73 97 101 102 104 105 107 108 119 127 130 131 132 139 141 142 144 145 148 149 150 154 
88 89 129 144 196 215 
36 51 60 85 94 101 
Edge: 73
16 18
55 56 57 58 66 68 69 70 71 72 95 104 105 108 119 126 127 130 131 133 135 136 140 141 142 144 147 148 150 154 155 
90 91 139 183 266 267 268 
37 58 79 129 130 135 136 
Edge: 74
3 11
2 4 6 9 15 24 27 30 33 34 35 36 44 63 66 67 68 70 75 76 77 78 79 80 83 86 89 94 98 99 100 153 154 
92 93 95 113 120 122 131 
38 39 45 48 49 53 54 
Edge: 75
5 11
7 8 9 13 17 22 28 33 34 35 36 38 41 44 63 66 67 74 76 77 94 98 99 106 107 108 112 116 117 128 133 153 154 
92 94 96 141 142 
38 39 59 61 84 
Edge: 76
7 11
14 15 16 17 21 33 34 35 36 44 45 47 48 51 53 56 63 66 67 74 75 77 93 94 98 99 130 132 138 143 153 154 
93 94 114 195 
38 45 84 108 
Edge: 77
10 11
26 27 28 32 33 34 35 36 42 44 47 49 52 62 63 66 67 74 75 76 94 98 99 109 121 145 146 147 150 151 153 154 
95 96 121 146 164 230 
39 48 61 68 102 115 
Edge: 78
3 6
2 4 6 9 10 11 12 13 15 20 24 27 30 35 39 68 70 74 79 80 81 82 83 84 86 87 89 90 100 121 138 139 140 142 
97 98 101 104 107 
40 41 42 43 44 
Edge: 79
3 13
2 4 6 9 15 24 27 30 40 41 42 43 64 68 70 74 78 80 81 83 85 86 89 93 94 95 100 105 110 113 120 149 
97 99 102 112 113 115 134 136 
40 41 45 46 53 55 56 58 
Edge: 80
3 14
2 4 6 9 15 24 27 30 46 48 49 54 64 68 70 74 78 79 82 83 86 88 89 100 114 116 118 122 136 137 148 153 
98 99 105 135 
40 42 55 57 
Edge: 81
6 13
10 11 12 13 20 35 39 40 41 42 43 64 78 79 82 84 85 87 90 93 94 95 105 110 113 120 121 138 139 140 142 149 
97 100 103 160 162 165 
40 41 67 69 98 103 
Edge: 82
6 14
10 11 12 13 20 35 39 46 48 49 54 64 78 80 81 84 87 88 90 114 116 118 121 122 136 137 138 139 140 142 148 153 
98 100 106 231 232 
40 42 103 104 106 
Edge: 83
3 17
2 4 6 9 15 24 27 30 59 60 61 62 63 65 68 70 74 78 79 80 84 85 86 89 92 100 124 125 126 127 128 137 
101 102 110 131 
41 44 53 54 
Edge: 84
6 17
10 11 12 13 20 35 39 59 60 61 62 63 65 78 81 82 83 85 87 90 92 121 124 125 126 127 128 137 138 139 140 142 
101 103 111 184 186 
41 44 80 82 98 
Edge: 85
13 17
40 41 42 43 59 60 61 62 63 64 65 79 81 83 84 92 93 94 95 105 110 113 120 124 125 126 127 128 137 149 
102 103 132 222 246 
41 53 98 113 126 
Edge: 86
3 15
2 4 6 9 15 24 27 30 50 51 52 58 65 67 68 70 74 78 79 80 83 87 88 89 91 100 102 103 115 117 119 134 
104 105 108 125 126 
42 43 50 52 57 
Edge: 87
6 15
10 11 12 13 20 35 39 50 51 52 58 65 67 78 81 82 84 86 88 90 91 102 103 115 117 119 121 134 138 139 140 142 
104 106 109 216 217 
42 43 95 96 106 
Edge: 88
14 15
46 48 49 50 51 52 54 58 64 65 67 80 82 86 87 91 102 103 114 115 116 117 118 119 122 134 136 137 148 153 
105 106 138 154 155 206 
42 57 64 75 90 106 
Edge: 89
3 19
2 4 6 9 15 24 27 30 68 70 74 78 79 80 83 86 90 91 92 96 97 99 100 111 112 113 118 129 143 144 151 155 
107 108 110 117 118 122 
43 44 47 49 52 54 
Edge: 90
6 19
10 11 12 13 20 35 39 78 81 82 84 87 89 91 92 96 97 99 111 112 113 118 121 129 138 139 140 142 143 144 151 155 
107 109 111 187 189 218 220 
43 44 81 82 96 97 105 
Edge: 91
15 19
50 51 52 58 65 67 86 87 88 89 90 92 96 97 99 102 103 111 112 113 115 117 118 119 129 134 143 144 151 155 
108 109 130 219 243 
43 52 96 111 124 
Edge: 92
17 19
59 60 61 62 63 65 83 84 85 89 90 91 96 97 99 111 112 113 118 124 125 126 127 128 129 137 143 144 151 155 
110 111 133 190 209 
44 54 82 92 132 
Edge: 93
7 13
14 15 16 17 21 40 41 42 43 45 47 48 51 53 56 64 76 79 81 85 94 95 105 110 113 120 130 132 138 143 149 
112 114 116 237 
45 46 108 109 
Edge: 94
11 13
33 34 35 36 40 41 42 43 44 63 64 66 67 74 75 76 77 79 81 85 93 95 98 99 105 110 113 120 149 153 154 
113 114 132 238 
45 53 108 126 
Edge: 95
13 16
40 41 42 43 55 56 57 58 64 66 68 69 73 79 81 85 93 94 105 110 113 120 126 133 135 136 140 141 147 149 155 
115 116 139 239 265 
46 58 109 127 135 
Edge: 96
8 19
18 19 20 21 22 29 30 31 32 60 89 90 91 92 97 98 99 111 112 113 118 120 122 129 131 134 135 143 144 151 152 155 
117 119 123 172 173 174 
47 49 73 74 114 119 
Edge: 97
9 19
23 24 25 31 36 61 72 89 90 91 92 96 99 101 102 107 111 112 113 118 129 132 139 141 143 144 145 149 151 155 
118 119 130 247 262 263 
47 52 114 124 125 127 
Edge: 98
8 11
18 19 20 21 22 29 30 31 32 33 34 35 36 44 60 63 66 67 74 75 76 77 94 96 99 120 122 131 134 135 152 153 154 
120 121 123 249 252 254 255 258 
48 49 115 117 118 119 120 121 
Edge: 99
11 19
33 34 35 36 44 63 66 67 74 75 76 77 89 90 91 92 94 96 97 98 111 112 113 118 129 143 144 151 153 154 155 
122 123 133 257 
49 54 119 132 
Edge: 100
3 12
2 4 6 9 15 24 27 30 37 38 39 43 44 53 54 57 68 70 74 78 79 80 83 86 89 101 103 104 123 125 129 146 152 
124 126 128 134 135 
50 51 55 56 57 
Edge: 101
9 12
23 24 25 31 36 37 38 39 43 44 53 54 57 61 72 97 100 102 103 104 107 123 125 129 132 139 141 145 146 149 152 
124 127 129 224 226 
50 51 99 101 123 
Edge: 102
9 15
23 24 25 31 36 50 51 52 58 61 65 67 72 86 87 88 91 97 101 103 107 115 117 119 132 134 139 141 145 149 
125 127 130 260 
50 52 123 124 
Edge: 103
12 15
37 38 39 43 44 50 51 52 53 54 57 58 65 67 86 87 88 91 100 101 102 104 115 117 119 123 125 129 134 146 152 
126 127 138 175 178 261 
50 57 75 76 123 128 
Edge: 104
12 18
37 38 39 43 44 53 54 57 70 71 72 73 100 101 103 105 108 119 123 125 127 129 130 131 142 144 146 148 150 152 154 
128 129 137 229 234 
51 56 101 105 134 
Edge: 105
13 18
40 41 42 43 64 70 71 72 73 79 81 85 93 94 95 104 108 110 113 119 120 127 130 131 142 144 148 149 150 154 
136 137 139 272 
56 58 134 135 
Edge: 106
4 5
3 5 6 7 8 9 12 13 16 17 19 22 25 28 34 38 41 69 71 75 107 108 109 110 111 112 114 115 116 117 123 124 128 133 
140 141 143 145 147 149 152 153 
59 60 61 62 63 64 65 66 
Edge: 107
5 9
7 8 9 13 17 22 23 24 25 28 31 36 38 41 61 72 75 97 101 102 106 108 112 116 117 128 132 133 139 141 145 149 
140 142 144 194 
59 60 84 85 
Edge: 108
5 18
7 8 9 13 17 22 28 38 41 70 71 72 73 75 104 105 106 107 112 116 117 119 127 128 130 131 133 142 144 148 150 154 
143 144 159 191 192 
60 66 83 85 87 
Edge: 109
4 10
3 5 6 12 16 19 25 26 27 28 32 34 42 47 49 52 62 69 71 77 106 110 111 114 115 121 123 124 145 146 147 150 151 
145 146 148 163 
61 62 68 69 
Edge: 110
4 13
3 5 6 12 16 19 25 34 40 41 42 43 64 69 71 79 81 85 93 94 95 105 106 109 111 113 114 115 120 123 124 149 
147 148 150 160 161 
62 63 67 69 73 
Edge: 111
4 19
3 5 6 12 16 19 25 34 69 71 89 90 91 92 96 97 99 106 109 110 112 113 114 115 118 123 124 129 143 144 151 155 
149 150 156 172 
63 65 73 74 
Edge: 112
5 19
7 8 9 13 17 22 28 38 41 75 89 90 91 92 96 97 99 106 107 108 111 113 116 117 118 128 129 133 143 144 151 155 
149 151 157 187 188 190 
63 65 81 82 89 92 
Edge: 113
13 19
40 41 42 43 64 79 81 85 89 90 91 92 93 94 95 96 97 99 105 110 111 112 118 120 129 143 144 149 151 155 
150 151 173 204 247 265 272 
63 73 89 114 127 134 135 
Edge: 114
4 14
3 5 6 12 16 19 25 34 46 48 49 54 64 69 71 80 82 88 106 109 110 111 115 116 118 122 123 124 136 137 148 153 
152 154 156 166 167 170 
64 65 70 71 74 75 
Edge: 115
4 15
3 5 6 12 16 19 25 34 50 51 52 58 65 67 69 71 86 87 88 91 102 103 106 109 110 111 114 117 119 123 124 134 
153 154 158 175 177 
64 66 75 76 78 
Edge: 116
5 14
7 8 9 13 17 22 28 38 41 46 48 49 54 64 75 80 82 88 106 107 108 112 114 117 118 122 128 133 136 137 148 153 
152 155 157 205 207 
64 65 90 91 92 
Edge: 117
5 15
7 8 9 13 17 22 28 38 41 50 51 52 58 65 67 75 86 87 88 91 102 103 106 107 108 112 115 116 119 128 133 134 
153 155 159 197 199 
64 66 86 87 90 
Edge: 118
14 19
46 48 49 54 64 80 82 88 89 90 91 92 96 97 99 111 112 113 114 116 122 129 136 137 143 144 148 151 153 155 
156 157 174 209 257 
65 74 92 119 132 
Edge: 119
15 18
50 51 52 58 65 67 70 71 72 73 86 87 88 91 102 103 104 105 108 115 117 127 130 131 134 142 144 148 150 154 
158 159 182 201 259 
66 78 87 121 133 
Edge: 120
8 13
18 19 20 21 22 29 30 31 32 40 41 42 43 60 64 79 81 85 93 94 95 96 98 105 110 113 122 131 134 135 149 152 
161 162 173 222 245 
67 73 98 113 114 
Edge: 121
6 10
10 11 12 13 20 26 27 28 32 35 39 42 47 49 52 62 77 78 81 82 84 87 90 109 138 139 140 142 145 146 147 150 151 
163 164 165 223 225 227 231 
68 69 99 100 102 103 104 
Edge: 122
8 14
18 19 20 21 22 29 30 31 32 46 48 49 54 60 64 80 82 88 96 98 114 116 118 120 131 134 135 136 137 148 152 153 
167 168 174 236 254 
70 74 107 118 119 
Edge: 123
4 12
3 5 6 12 16 19 25 34 37 38 39 43 44 53 54 57 69 71 100 101 103 104 106 109 110 111 114 115 124 125 129 146 152 
169 170 171 175 176 
71 72 75 76 77 
Edge: 124
4 17
3 5 6 12 16 19 25 34 59 60 61 62 63 65 69 71 83 84 85 92 106 109 110 111 114 115 123 125 126 127 128 137 
176 177 179 181 
76 77 78 79 
Edge: 125
12 17
37 38 39 43 44 53 54 57 59 60 61 62 63 65 83 84 85 92 100 101 103 104 123 124 126 127 128 129 137 146 152 
176 178 180 250 251 
76 77 116 122 128 
Edge: 126
16 17
55 56 57 58 59 60 61 62 63 65 66 68 69 73 83 84 85 92 95 124 125 127 128 133 135 136 137 140 141 147 155 
179 180 183 202 203 208 
77 79 88 91 122 136 
Edge: 127
17 18
59 60 61 62 63 65 70 71 72 73 83 84 85 92 104 105 108 119 124 125 126 128 130 131 137 142 144 148 150 154 
181 182 183 270 271 
78 79 131 133 136 
Edge: 128
5 17
7 8 9 13 17 22 28 38 41 59 60 61 62 63 65 75 83 84 85 92 106 107 108 112 116 117 124 125 126 127 133 137 
184 185 190 202 207 
80 82 88 91 92 
Edge: 129
12 19
37 38 39 43 44 53 54 57 89 90 91 92 96 97 99 100 101 103 104 111 112 113 118 123 125 143 144 146 151 152 155 
188 189 204 234 
81 89 105 134 
Edge: 130
7 18
14 15 16 17 21 45 47 48 51 53 56 70 71 72 73 76 93 104 105 108 119 127 131 132 138 142 143 144 148 150 154 
191 193 196 214 221 235 240 
83 85 94 97 107 110 112 
Edge: 131
8 18
18 19 20 21 22 29 30 31 32 60 70 71 72 73 96 98 104 105 108 119 120 122 127 130 134 135 142 144 148 150 152 154 
192 193 201 236 255 
83 87 107 118 121 
Edge: 132
7 9
14 15 16 17 21 23 24 25 31 36 45 47 48 51 53 56 61 72 76 93 97 101 102 107 130 138 139 141 143 145 149 
194 195 196 210 213 237 
84 85 93 94 108 109 
Edge: 133
5 16
7 8 9 13 17 22 28 38 41 55 56 57 58 66 68 69 73 75 95 106 107 108 112 116 117 126 128 135 136 140 141 147 155 
198 199 202 205 
86 88 90 91 
Edge: 134
8 15
18 19 20 21 22 29 30 31 32 50 51 52 58 60 65 67 86 87 88 91 96 98 102 103 115 117 119 120 122 131 135 152 
197 200 201 258 
86 87 120 121 
Edge: 135
8 16
18 19 20 21 22 29 30 31 32 55 56 57 58 60 66 68 69 73 95 96 98 120 122 126 131 133 134 136 140 141 147 152 155 
198 200 203 252 253 
86 88 117 120 122 
Edge: 136
14 16
46 48 49 54 55 56 57 58 64 66 68 69 73 80 82 88 95 114 116 118 122 126 133 135 137 140 141 147 148 153 155 
205 206 208 232 233 267 
90 91 104 106 129 136 
Edge: 137
14 17
46 48 49 54 59 60 61 62 63 64 65 80 82 83 84 85 88 92 114 116 118 122 124 125 126 127 128 136 148 153 
207 208 209 269 271 
91 92 131 132 136 
Edge: 138
6 7
10 11 12 13 14 15 16 17 20 21 35 39 45 47 48 51 53 56 76 78 81 82 84 87 90 93 121 130 132 139 140 142 143 
210 211 214 216 218 
93 94 95 96 97 
Edge: 139
6 9
10 11 12 13 20 23 24 25 31 35 36 39 61 72 78 81 82 84 87 90 97 101 102 107 121 132 138 140 141 142 145 149 
210 212 215 223 224 
93 94 99 100 101 
Edge: 140
6 16
10 11 12 13 20 35 39 55 56 57 58 66 68 69 73 78 81 82 84 87 90 95 121 126 133 135 136 138 139 141 142 147 155 
211 212 217 227 232 
93 95 100 104 106 
Edge: 141
9 16
23 24 25 31 36 55 56 57 58 61 66 68 69 72 73 95 97 101 102 107 126 132 133 135 136 139 140 145 147 149 155 
212 213 228 239 263 
93 100 109 125 127 
Edge: 142
6 18
10 11 12 13 20 35 39 70 71 72 73 78 81 82 84 87 90 104 105 108 119 121 127 130 131 138 139 140 144 148 150 154 
214 215 220 229 
94 97 101 105 
Edge: 143
7 19
14 15 16 17 21 45 47 48 51 53 56 76 89 90 91 92 93 96 97 99 111 112 113 118 129 130 132 138 144 151 155 
218 219 221 242 
96 97 111 112 
Edge: 144
18 19
70 71 72 73 89 90 91 92 96 97 99 104 105 108 111 112 113 118 119 127 129 130 131 142 143 148 150 151 154 155 
220 221 234 244 268 272 
97 105 112 130 134 135 
Edge: 145
9 10
23 24 25 26 27 28 31 32 36 42 47 49 52 61 62 72 77 97 101 102 107 109 121 132 139 141 146 147 149 150 151 
223 226 228 260 262 
99 100 123 124 125 
Edge: 146
10 12
26 27 28 32 37 38 39 42 43 44 47 49 52 53 54 57 62 77 100 101 103 104 109 121 123 125 129 145 147 150 151 152 
225 226 230 248 251 261 
99 102 115 116 123 128 
Edge: 147
10 16
26 27 28 32 42 47 49 52 55 56 57 58 62 66 68 69 73 77 95 109 121 126 133 135 136 140 141 145 146 150 151 155 
227 228 233 264 266 
100 104 125 129 130 
Edge: 148
14 18
46 48 49 54 64 70 71 72 73 80 82 88 104 105 108 114 116 118 119 122 127 130 131 136 137 142 144 150 153 154 
235 236 241 256 267 271 
107 110 118 129 131 136 
Edge: 149
9 13
23 24 25 31 36 40 41 42 43 61 64 72 79 81 85 93 94 95 97 101 102 105 107 110 113 120 132 139 141 145 
237 238 239 245 246 247 
108 109 113 114 126 127 
Edge: 150
10 18
26 27 28 32 42 47 49 52 62 70 71 72 73 77 104 105 108 109 119 121 127 130 131 142 144 145 146 147 148 151 154 
240 241 244 266 
110 112 129 130 
Edge: 151
10 19
26 27 28 32 42 47 49 52 62 77 89 90 91 92 96 97 99 109 111 112 113 118 121 129 143 144 145 146 147 150 155 
242 243 244 262 264 
111 112 124 125 130 
Edge: 152
8 12
18 19 20 21 22 29 30 31 32 37 38 39 43 44 53 54 57 60 96 98 100 101 103 104 120 122 123 125 129 131 134 135 146 
248 249 250 253 
115 116 117 122 
Edge: 153
11 14
33 34 35 36 44 46 48 49 54 63 64 66 67 74 75 76 77 80 82 88 94 98 99 114 116 118 122 136 137 148 154 
254 256 257 269 
118 119 131 132 
Edge: 154
11 18
33 34 35 36 44 63 66 67 70 71 72 73 74 75 76 77 94 98 99 104 105 108 119 127 130 131 142 144 148 150 153 
255 256 259 270 
118 121 131 133 
Edge: 155
16 19
55 56 57 58 66 68 69 73 89 90 91 92 95 96 97 99 111 112 113 118 126 129 133 135 136 140 141 143 144 147 151 
263 264 265 268 
125 127 130 135 
Face: 1
1 2 3
1 2 4 
2 3 4 5 6 7 8 13 26 29 32 
1 2 
Face: 2
1 2 4
1 3 5 
1 3 4 5 8 9 10 14 18 27 37 
1 3 
Face: 3
1 3 4
2 3 6 
1 2 4 6 9 13 14 15 18 28 84 87 
1 5 
Face: 4
2 3 4
4 5 6 
1 2 3 7 10 15 26 27 28 29 32 37 84 87 
1 11 
Face: 5
1 2 5
1 7 8 
1 2 6 7 8 11 12 16 23 30 42 45 
2 4 
Face: 6
1 3 5
2 7 9 
1 3 5 7 11 13 16 17 23 31 92 
2 6 
Face: 7
2 3 5
4 8 9 
1 4 5 6 12 17 26 29 30 31 32 42 45 92 
2 12 
Face: 8
1 2 6
1 10 11 
1 2 5 9 10 11 12 19 38 43 
3 4 
Face: 9
1 4 6
3 10 12 
2 3 8 10 11 14 18 19 20 39 160 163 
3 7 
Face: 10
2 4 6
5 11 12 
2 4 8 9 12 20 27 37 38 39 43 160 163 
3 15 
Face: 11
1 5 6
7 10 13 
5 6 8 9 12 16 19 23 24 44 184 187 
4 9 
Face: 12
2 5 6
8 11 13 
5 7 8 10 11 24 30 38 42 43 44 45 184 187 
4 17 
Face: 13
1 3 7
2 14 15 
1 3 6 14 15 16 17 21 85 93 112 
5 6 
Face: 14
1 4 7
3 14 16 
2 3 9 13 15 16 18 21 22 86 166 169 
5 8 
Face: 15
3 4 7
6 15 16 
3 4 13 14 17 22 28 84 85 86 87 93 112 166 169 
5 35 
Face: 16
1 5 7
7 14 17 
5 6 11 13 14 17 21 23 25 94 191 194 
6 10 
Face: 17
3 5 7
9 15 17 
6 7 13 15 16 25 31 85 92 93 94 112 191 194 
6 38 
Face: 18
1 4 8
3 18 19 
2 3 9 14 19 20 21 22 23 161 167 172 
7 8 
Face: 19
1 6 8
10 18 20 
8 9 11 18 20 21 23 24 162 186 
7 9 
Face: 20
4 6 8
12 19 20 
9 10 18 19 22 24 39 160 161 162 163 167 172 186 
7 67 
Face: 21
1 7 8
14 18 21 
13 14 16 18 19 22 23 25 168 193 
8 10 
Face: 22
4 7 8
16 19 21 
14 15 18 20 21 25 86 161 166 167 168 169 172 193 
8 70 
Face: 23
1 5 8
7 18 22 
5 6 11 16 18 19 21 24 25 185 192 197 198 
9 10 
Face: 24
5 6 8
13 20 22 
11 12 19 20 23 25 44 162 184 185 186 187 192 197 198 
9 80 
Face: 25
5 7 8
17 21 22 
16 17 21 22 23 24 94 168 185 191 192 193 194 197 198 
10 83 
Face: 26
2 3 9
4 23 24 
1 4 7 27 28 29 32 33 34 40 68 88 118 124 125 
11 13 
Face: 27
2 4 9
5 23 25 
2 4 10 26 28 33 37 40 41 68 89 140 
11 16 
Face: 28
3 4 9
6 24 25 
3 4 15 26 27 34 41 84 87 88 89 118 124 125 140 
11 36 
Face: 29
2 3 10
4 26 27 
1 4 7 26 30 31 32 35 36 46 52 54 57 70 95 
12 14 
Face: 30
2 5 10
8 26 28 
5 7 12 29 31 35 42 45 46 47 52 54 57 70 96 145 
12 18 
Face: 31
3 5 10
9 27 28 
6 7 17 29 30 36 47 92 95 96 145 
12 39 
Face: 32
2 3 8
4 29 30 
1 4 7 26 29 33 34 35 36 67 117 120 
13 14 
Face: 33
2 8 9
23 29 31 
26 27 32 34 35 40 67 68 69 119 245 
13 26 
Face: 34
3 8 9
24 30 31 
26 28 32 33 36 69 88 117 118 119 120 124 125 245 
13 47 
Face: 35
2 8 10
26 29 32 
29 30 32 33 36 46 52 54 57 67 70 71 121 248 
14 27 
Face: 36
3 8 10
27 30 32 
29 31 32 34 35 71 95 117 120 121 248 
14 48 
Face: 37
2 4 11
5 33 34 
2 4 10 27 38 39 40 41 50 72 78 80 141 146 
15 16 
Face: 38
2 6 11
11 33 35 
8 10 12 37 39 40 43 50 51 72 78 80 164 
15 20 
Face: 39
4 6 11
12 34 35 
9 10 20 37 38 41 51 141 146 160 163 164 
15 68 
Face: 40
2 9 11
23 33 36 
26 27 33 37 38 41 50 68 72 73 78 80 142 195 238 
16 28 
Face: 41
4 9 11
25 34 36 
27 28 37 39 40 73 89 140 141 142 146 195 238 
16 59 
Face: 42
2 5 12
8 37 38 
5 7 12 30 43 44 45 48 49 50 59 60 63 188 
17 19 
Face: 43
2 6 12
11 37 39 
8 10 12 38 42 44 48 50 51 59 60 63 189 224 225 229 
17 20 
Face: 44
5 6 12
13 38 39 
11 12 24 42 43 49 51 184 187 188 189 224 225 229 
17 81 
Face: 45
2 5 13
8 40 41 
5 7 12 30 42 46 47 48 49 74 147 151 
18 19 
Face: 46
2 10 13
26 40 42 
29 30 35 45 47 48 52 54 57 70 74 75 148 165 
18 29 
Face: 47
5 10 13
28 41 42 
30 31 45 46 49 75 96 145 147 148 151 165 
18 62 
Face: 48
2 12 13
37 40 43 
42 43 45 46 49 50 59 60 63 74 83 134 137 204 
19 34 
Face: 49
5 12 13
38 41 43 
42 44 45 47 48 83 134 137 147 151 188 204 
19 89 
Face: 50
2 11 12
33 37 44 
37 38 40 42 43 48 51 59 60 63 72 78 79 80 230 249 
20 31 
Face: 51
6 11 12
35 39 44 
38 39 43 44 50 79 164 189 224 225 229 230 249 
20 102 
Face: 52
2 7 10
26 45 47 
29 30 35 46 53 54 55 56 57 58 59 62 70 240 242 
21 22 
Face: 53
2 7 14
45 46 48 
52 54 55 56 59 60 61 62 74 166 168 235 
21 23 
Face: 54
2 10 14
26 46 49 
29 30 35 46 52 53 55 57 60 70 74 75 231 233 241 
21 29 
Face: 55
7 10 14
47 48 49 
52 53 54 58 61 75 166 168 231 233 235 240 241 242 
21 110 
Face: 56
2 7 15
45 50 51 
52 53 57 58 59 62 65 66 76 80 216 219 
22 25 
Face: 57
2 10 15
26 50 52 
29 30 35 46 52 54 56 58 65 70 76 77 80 243 260 261 
22 30 
Face: 58
7 10 15
47 51 52 
52 55 56 57 66 77 216 219 240 242 243 260 261 
22 111 
Face: 59
2 7 12
37 45 53 
42 43 48 50 52 53 56 60 61 62 63 64 169 
23 24 
Face: 60
2 12 14
37 46 54 
42 43 48 50 53 54 59 61 63 74 83 135 138 170 
23 34 
Face: 61
7 12 14
48 53 54 
53 55 59 60 64 83 135 138 166 168 169 170 235 
23 71 
Face: 62
2 7 16
45 55 56 
52 53 56 59 63 64 65 66 78 85 86 116 211 213 
24 25 
Face: 63
2 12 16
37 55 57 
42 43 48 50 59 60 62 64 65 78 79 171 180 253 
24 31 
Face: 64
7 12 16
53 56 57 
59 61 62 63 66 79 85 86 116 169 171 180 211 213 253 
24 72 
Face: 65
2 15 16
50 55 58 
56 57 62 63 66 76 78 80 81 199 200 206 217 
25 32 
Face: 66
7 15 16
51 56 58 
56 58 62 64 65 81 85 86 116 199 200 206 211 213 216 217 219 
25 95 
Face: 67
2 8 17
29 59 60 
32 33 35 68 69 70 71 72 76 185 186 203 222 250 
26 27 
Face: 68
2 9 17
23 59 61 
26 27 33 40 67 69 70 72 73 76 246 
26 28 
Face: 69
8 9 17
31 60 61 
33 34 67 68 71 73 119 185 186 203 222 245 246 250 
26 113 
Face: 70
2 10 17
26 59 62 
29 30 35 46 52 54 57 67 68 71 72 76 77 251 
27 30 
Face: 71
8 10 17
32 60 62 
35 36 67 69 70 77 121 185 186 203 222 248 250 251 
27 116 
Face: 72
2 11 17
33 59 63 
37 38 40 50 67 68 70 73 76 78 80 82 131 132 133 269 270 
28 33 
Face: 73
9 11 17
36 61 63 
40 41 68 69 72 82 131 132 133 142 195 238 246 269 270 
28 126 
Face: 74
2 13 14
40 46 64 
45 46 48 53 54 60 75 83 99 100 
29 34 
Face: 75
10 13 14
42 49 64 
46 47 54 55 74 83 99 100 148 165 231 233 241 
29 103 
Face: 76
2 15 17
50 59 65 
56 57 65 67 68 70 72 77 80 82 177 178 182 
30 33 
Face: 77
10 15 17
52 62 65 
57 58 70 71 76 82 177 178 182 243 251 260 261 
30 128 
Face: 78
2 11 16
33 55 66 
37 38 40 50 62 63 65 72 79 80 81 252 
31 32 
Face: 79
11 12 16
44 57 66 
50 51 63 64 78 81 171 180 230 249 252 253 
31 117 
Face: 80
2 11 15
33 50 67 
37 38 40 50 56 57 65 72 76 78 81 82 258 259 
32 33 
Face: 81
11 15 16
58 66 67 
65 66 78 79 80 82 199 200 206 217 252 258 259 
32 120 
Face: 82
11 15 17
63 65 67 
72 73 76 77 80 81 131 132 133 177 178 182 258 259 269 270 
33 133 
Face: 83
12 13 14
43 54 64 
48 49 60 61 74 75 99 100 134 135 137 138 170 204 
34 55 
Face: 84
3 4 16
6 68 69 
3 4 15 28 85 86 87 90 91 115 171 179 
35 37 
Face: 85
3 7 16
15 56 68 
13 15 17 62 64 66 84 86 90 93 112 115 116 211 213 
35 46 
Face: 86
4 7 16
16 56 69 
14 15 22 62 64 66 84 85 91 116 166 169 171 179 211 213 
35 72 
Face: 87
3 4 18
6 70 71 
3 4 15 28 84 88 89 90 91 128 136 143 158 181 
36 37 
Face: 88
3 9 18
24 70 72 
26 28 34 87 89 90 118 124 125 128 129 136 144 196 215 
36 51 
Face: 89
4 9 18
25 71 72 
27 28 41 87 88 91 129 140 143 144 158 181 196 215 
36 60 
Face: 90
3 16 18
68 70 73 
84 85 87 88 91 115 128 136 139 183 266 267 268 
37 58 
Face: 91
4 16 18
69 71 73 
84 86 87 89 90 139 143 158 171 179 181 183 266 267 268 
37 79 
Face: 92
3 5 11
9 74 75 
6 7 17 31 93 94 95 96 113 120 122 131 141 142 
38 39 
Face: 93
3 7 11
15 74 76 
13 15 17 85 92 94 95 112 113 114 120 122 131 195 
38 45 
Face: 94
5 7 11
17 75 76 
16 17 25 92 93 96 114 141 142 191 194 195 
38 84 
Face: 95
3 10 11
27 74 77 
29 31 36 92 93 96 113 120 121 122 131 146 164 230 
39 48 
Face: 96
5 10 11
28 75 77 
30 31 47 92 94 95 121 141 142 145 146 164 230 
39 61 
Face: 97
3 6 13
78 79 81 
98 99 100 101 102 103 104 107 112 113 115 134 136 160 162 165 
40 41 
Face: 98
3 6 14
78 80 82 
97 99 100 101 104 105 106 107 135 231 232 
40 42 
Face: 99
3 13 14
64 79 80 
74 75 83 97 98 100 102 105 112 113 115 134 135 136 
40 55 
Face: 100
6 13 14
64 81 82 
74 75 83 97 98 99 103 106 160 162 165 231 232 
40 103 
Face: 101
3 6 17
78 83 84 
97 98 102 103 104 107 110 111 131 184 186 
41 44 
Face: 102
3 13 17
79 83 85 
97 99 101 103 110 112 113 115 131 132 134 136 222 246 
41 53 
Face: 103
6 13 17
81 84 85 
97 100 101 102 111 132 160 162 165 184 186 222 246 
41 98 
Face: 104
3 6 15
78 86 87 
97 98 101 105 106 107 108 109 125 126 216 217 
42 43 
Face: 105
3 14 15
80 86 88 
98 99 104 106 108 125 126 135 138 154 155 206 
42 57 
Face: 106
6 14 15
82 87 88 
98 100 104 105 109 138 154 155 206 216 217 231 232 
42 106 
Face: 107
3 6 19
78 89 90 
97 98 101 104 108 109 110 111 117 118 122 187 189 218 220 
43 44 
Face: 108
3 15 19
86 89 91 
104 105 107 109 110 117 118 122 125 126 130 219 243 
43 52 
Face: 109
6 15 19
87 90 91 
104 106 107 108 111 130 187 189 216 217 218 219 220 243 
43 96 
Face: 110
3 17 19
83 89 92 
101 102 107 108 111 117 118 122 131 133 190 209 
44 54 
Face: 111
6 17 19
84 90 92 
101 103 107 109 110 133 184 186 187 189 190 209 218 220 
44 82 
Face: 112
3 7 13
15 79 93 
13 15 17 85 93 97 99 102 113 114 115 116 134 136 237 
45 46 
Face: 113
3 11 13
74 79 94 
92 93 95 97 99 102 112 114 115 120 122 131 132 134 136 238 
45 53 
Face: 114
7 11 13
76 93 94 
93 94 112 113 116 132 195 237 238 
45 108 
Face: 115
3 13 16
68 79 95 
84 85 90 97 99 102 112 113 116 134 136 139 239 265 
46 58 
Face: 116
7 13 16
56 93 95 
62 64 66 85 86 112 114 115 139 211 213 237 239 265 
46 109 
Face: 117
3 8 19
30 89 96 
32 34 36 107 108 110 118 119 120 122 123 172 173 174 
47 49 
Face: 118
3 9 19
24 89 97 
26 28 34 88 107 108 110 117 119 122 124 125 130 247 262 263 
47 52 
Face: 119
8 9 19
31 96 97 
33 34 69 117 118 123 130 172 173 174 245 247 262 263 
47 114 
Face: 120
3 8 11
30 74 98 
32 34 36 92 93 95 113 117 121 122 123 131 249 252 254 255 258 
48 49 
Face: 121
8 10 11
32 77 98 
35 36 71 95 96 120 123 146 164 230 248 249 252 254 255 258 
48 115 
Face: 122
3 11 19
74 89 99 
92 93 95 107 108 110 113 117 118 120 123 131 133 257 
49 54 
Face: 123
8 11 19
96 98 99 
117 119 120 121 122 133 172 173 174 249 252 254 255 257 258 
49 119 
Face: 124
3 9 12
24 100 101 
26 28 34 88 118 125 126 127 128 129 134 135 224 226 
50 51 
Face: 125
3 9 15
24 86 102 
26 28 34 88 104 105 108 118 124 126 127 130 260 
50 52 
Face: 126
3 12 15
86 100 103 
104 105 108 124 125 127 128 134 135 138 175 178 261 
50 57 
Face: 127
9 12 15
101 102 103 
124 125 126 129 130 138 175 178 224 226 260 261 
50 123 
Face: 128
3 12 18
70 100 104 
87 88 90 124 126 129 134 135 136 137 229 234 
51 56 
Face: 129
9 12 18
72 101 104 
88 89 124 127 128 137 144 196 215 224 226 229 234 
51 101 
Face: 130
9 15 19
91 97 102 
108 109 118 119 125 127 219 243 247 260 262 263 
52 124 
Face: 131
3 11 17
63 74 83 
72 73 82 92 93 95 101 102 110 113 120 122 132 133 269 270 
53 54 
Face: 132
11 13 17
63 85 94 
72 73 82 102 103 113 114 131 133 222 238 246 269 270 
53 126 
Face: 133
11 17 19
63 92 99 
72 73 82 110 111 122 123 131 132 190 209 257 269 270 
54 132 
Face: 134
3 12 13
43 79 100 
48 49 83 97 99 102 112 113 115 124 126 128 135 136 137 204 
55 56 
Face: 135
3 12 14
54 80 100 
60 61 83 98 99 105 124 126 128 134 138 170 
55 57 
Face: 136
3 13 18
70 79 105 
87 88 90 97 99 102 112 113 115 128 134 137 139 272 
56 58 
Face: 137
12 13 18
43 104 105 
48 49 83 128 129 134 136 139 204 229 234 272 
56 134 
Face: 138
12 14 15
54 88 103 
60 61 83 105 106 126 127 135 154 155 170 175 178 206 261 
57 75 
Face: 139
13 16 18
73 95 105 
90 91 115 116 136 137 183 239 265 266 267 268 272 
58 135 
Face: 140
4 5 9
25 106 107 
27 28 41 89 141 142 143 144 145 147 149 152 153 194 
59 60 
Face: 141
4 5 11
34 75 106 
37 39 41 92 94 96 140 142 143 145 146 147 149 152 153 
59 61 
Face: 142
5 9 11
36 75 107 
40 41 73 92 94 96 140 141 144 194 195 238 
59 84 
Face: 143
4 5 18
71 106 108 
87 89 91 140 141 144 145 147 149 152 153 158 159 181 191 192 
60 66 
Face: 144
5 9 18
72 107 108 
88 89 129 140 142 143 159 191 192 194 196 215 
60 85 
Face: 145
4 5 10
28 106 109 
30 31 47 96 140 141 143 146 147 148 149 152 153 163 
61 62 
Face: 146
4 10 11
34 77 109 
37 39 41 95 96 121 141 145 148 163 164 230 
61 68 
Face: 147
4 5 13
41 106 110 
45 47 49 140 141 143 145 148 149 150 151 152 153 160 161 
62 63 
Face: 148
4 10 13
42 109 110 
46 47 75 145 146 147 150 160 161 163 165 
62 69 
Face: 149
4 5 19
106 111 112 
140 141 143 145 147 150 151 152 153 156 157 172 187 188 190 
63 65 
Face: 150
4 13 19
110 111 113 
147 148 149 151 156 160 161 172 173 204 247 265 272 
63 73 
Face: 151
5 13 19
41 112 113 
45 47 49 147 149 150 157 173 187 188 190 204 247 265 272 
63 89 
Face: 152
4 5 14
106 114 116 
140 141 143 145 147 149 153 154 155 156 157 166 167 170 205 207 
64 65 
Face: 153
4 5 15
106 115 117 
140 141 143 145 147 149 152 154 155 158 159 175 177 197 199 
64 66 
Face: 154
4 14 15
88 114 115 
105 106 138 152 153 155 156 158 166 167 170 175 177 206 
64 75 
Face: 155
5 14 15
88 116 117 
105 106 138 152 153 154 157 159 197 199 205 206 207 
64 90 
Face: 156
4 14 19
111 114 118 
149 150 152 154 157 166 167 170 172 174 209 257 
65 74 
Face: 157
5 14 19
112 116 118 
149 151 152 155 156 174 187 188 190 205 207 209 257 
65 92 
Face: 158
4 15 18
71 115 119 
87 89 91 143 153 154 159 175 177 181 182 201 259 
66 78 
Face: 159
5 15 18
108 117 119 
143 144 153 155 158 182 191 192 197 199 201 259 
66 87 
Face: 160
4 6 13
12 81 110 
9 10 20 39 97 100 103 147 148 150 161 162 163 165 
67 69 
Face: 161
4 8 13
19 110 120 
18 20 22 147 148 150 160 162 167 172 173 222 245 
67 73 
Face: 162
6 8 13
20 81 120 
19 20 24 97 100 103 160 161 165 173 186 222 245 
67 98 
Face: 163
4 6 10
12 109 121 
9 10 20 39 145 146 148 160 164 165 223 225 227 231 
68 69 
Face: 164
6 10 11
35 77 121 
38 39 51 95 96 121 146 163 165 223 225 227 230 231 
68 102 
Face: 165
6 10 13
42 81 121 
46 47 75 97 100 103 148 160 162 163 164 223 225 227 231 
69 103 
Face: 166
4 7 14
16 48 114 
14 15 22 53 55 61 86 152 154 156 167 168 169 170 235 
70 71 
Face: 167
4 8 14
19 114 122 
18 20 22 152 154 156 161 166 168 170 172 174 236 254 
70 74 
Face: 168
7 8 14
21 48 122 
21 22 25 53 55 61 166 167 174 193 235 236 254 
70 107 
Face: 169
4 7 12
16 53 123 
14 15 22 59 61 64 86 166 170 171 175 176 
71 72 
Face: 170
4 12 14
54 114 123 
60 61 83 135 138 152 154 156 166 167 169 171 175 176 
71 75 
Face: 171
4 12 16
57 69 123 
63 64 79 84 86 91 169 170 175 176 179 180 253 
72 77 
Face: 172
4 8 19
19 96 111 
18 20 22 117 119 123 149 150 156 161 167 173 174 
73 74 
Face: 173
8 13 19
96 113 120 
117 119 123 150 151 161 162 172 174 204 222 245 247 265 272 
73 114 
Face: 174
8 14 19
96 118 122 
117 119 123 156 157 167 168 172 173 209 236 254 257 
74 119 
Face: 175
4 12 15
103 115 123 
126 127 138 153 154 158 169 170 171 176 177 178 261 
75 76 
Face: 176
4 12 17
123 124 125 
169 170 171 175 177 178 179 180 181 250 251 
76 77 
Face: 177
4 15 17
65 115 124 
76 77 82 153 154 158 175 176 178 179 181 182 
76 78 
Face: 178
12 15 17
65 103 125 
76 77 82 126 127 138 175 176 177 180 182 250 251 261 
76 128 
Face: 179
4 16 17
69 124 126 
84 86 91 171 176 177 180 181 183 202 203 208 
77 79 
Face: 180
12 16 17
57 125 126 
63 64 79 171 176 178 179 183 202 203 208 250 251 253 
77 122 
Face: 181
4 17 18
71 124 127 
87 89 91 143 158 176 177 179 182 183 270 271 
78 79 
Face: 182
15 17 18
65 119 127 
76 77 82 158 159 177 178 181 183 201 259 270 271 
78 133 
Face: 183
16 17 18
73 126 127 
90 91 139 179 180 181 182 202 203 208 266 267 268 270 271 
79 136 
Face: 184
5 6 17
13 84 128 
11 12 24 44 101 103 111 185 186 187 190 202 207 
80 82 
Face: 185
5 8 17
22 60 128 
23 24 25 67 69 71 184 186 190 192 197 198 202 203 207 222 250 
80 88 
Face: 186
6 8 17
20 60 84 
19 20 24 67 69 71 101 103 111 162 184 185 203 222 250 
80 98 
Face: 187
5 6 19
13 90 112 
11 12 24 44 107 109 111 149 151 157 184 188 189 190 218 220 
81 82 
Face: 188
5 12 19
38 112 129 
42 44 49 149 151 157 187 189 190 204 234 
81 89 
Face: 189
6 12 19
39 90 129 
43 44 51 107 109 111 187 188 204 218 220 224 225 229 234 
81 105 
Face: 190
5 17 19
92 112 128 
110 111 133 149 151 157 184 185 187 188 202 207 209 
82 92 
Face: 191
5 7 18
17 108 130 
16 17 25 94 143 144 159 192 193 194 196 214 221 235 240 
83 85 
Face: 192
5 8 18
22 108 131 
23 24 25 143 144 159 185 191 193 197 198 201 236 255 
83 87 
Face: 193
7 8 18
21 130 131 
21 22 25 168 191 192 196 201 214 221 235 236 240 255 
83 107 
Face: 194
5 7 9
17 107 132 
16 17 25 94 140 142 144 191 195 196 210 213 237 
84 85 
Face: 195
7 9 11
36 76 132 
40 41 73 93 94 114 142 194 196 210 213 237 238 
84 108 
Face: 196
7 9 18
72 130 132 
88 89 129 144 191 193 194 195 210 213 214 215 221 235 237 240 
85 94 
Face: 197
5 8 15
22 117 134 
23 24 25 153 155 159 185 192 198 199 200 201 258 
86 87 
Face: 198
5 8 16
22 133 135 
23 24 25 185 192 197 199 200 202 203 205 252 253 
86 88 
Face: 199
5 15 16
58 117 133 
65 66 81 153 155 159 197 198 200 202 205 206 217 
86 90 
Face: 200
8 15 16
58 134 135 
65 66 81 197 198 199 201 203 206 217 252 253 258 
86 120 
Face: 201
8 15 18
119 131 134 
158 159 182 192 193 197 200 236 255 258 259 
87 121 
Face: 202
5 16 17
126 128 133 
179 180 183 184 185 190 198 199 203 205 207 208 
88 91 
Face: 203
8 16 17
60 126 135 
67 69 71 179 180 183 185 186 198 200 202 208 222 250 252 253 
88 122 
Face: 204
12 13 19
43 113 129 
48 49 83 134 137 150 151 173 188 189 234 247 265 272 
89 134 
Face: 205
5 14 16
116 133 136 
152 155 157 198 199 202 206 207 208 232 233 267 
90 91 
Face: 206
14 15 16
58 88 136 
65 66 81 105 106 138 154 155 199 200 205 208 217 232 233 267 
90 106 
Face: 207
5 14 17
116 128 137 
152 155 157 184 185 190 202 205 208 209 269 271 
91 92 
Face: 208
14 16 17
126 136 137 
179 180 183 202 203 205 206 207 209 232 233 267 269 271 
91 136 
Face: 209
14 17 19
92 118 137 
110 111 133 156 157 174 190 207 208 257 269 271 
92 132 
Face: 210
6 7 9
132 138 139 
194 195 196 211 212 213 214 215 216 218 223 224 237 
93 94 
Face: 211
6 7 16
56 138 140 
62 64 66 85 86 116 210 212 213 214 216 217 218 227 232 
93 95 
Face: 212
6 9 16
139 140 141 
210 211 213 215 217 223 224 227 228 232 239 263 
93 100 
Face: 213
7 9 16
56 132 141 
62 64 66 85 86 116 194 195 196 210 211 212 228 237 239 263 
93 109 
Face: 214
6 7 18
130 138 142 
191 193 196 210 211 215 216 218 220 221 229 235 240 
94 97 
Face: 215
6 9 18
72 139 142 
88 89 129 144 196 210 212 214 220 223 224 229 
94 101 
Face: 216
6 7 15
51 87 138 
56 58 66 104 106 109 210 211 214 217 218 219 
95 96 
Face: 217
6 15 16
58 87 140 
65 66 81 104 106 109 199 200 206 211 212 216 227 232 
95 106 
Face: 218
6 7 19
90 138 143 
107 109 111 187 189 210 211 214 216 219 220 221 242 
96 97 
Face: 219
7 15 19
51 91 143 
56 58 66 108 109 130 216 218 221 242 243 
96 111 
Face: 220
6 18 19
90 142 144 
107 109 111 187 189 214 215 218 221 229 234 244 268 272 
97 105 
Face: 221
7 18 19
130 143 144 
191 193 196 214 218 219 220 234 235 240 242 244 268 272 
97 112 
Face: 222
8 13 17
60 85 120 
67 69 71 102 103 132 161 162 173 185 186 203 245 246 250 
98 113 
Face: 223
6 9 10
121 139 145 
163 164 165 210 212 215 224 225 226 227 228 231 260 262 
99 100 
Face: 224
6 9 12
39 101 139 
43 44 51 124 127 129 189 210 212 215 223 225 226 229 
99 101 
Face: 225
6 10 12
39 121 146 
43 44 51 163 164 165 189 223 224 226 227 229 230 231 248 251 261 
99 102 
Face: 226
9 10 12
101 145 146 
124 127 129 223 224 225 228 230 248 251 260 261 262 
99 123 
Face: 227
6 10 16
121 140 147 
163 164 165 211 212 217 223 225 228 231 232 233 264 266 
100 104 
Face: 228
9 10 16
141 145 147 
212 213 223 226 227 233 239 260 262 263 264 266 
100 125 
Face: 229
6 12 18
39 104 142 
43 44 51 128 129 137 189 214 215 220 224 225 234 
101 105 
Face: 230
10 11 12
44 77 146 
50 51 79 95 96 121 146 164 225 226 248 249 251 261 
102 115 
Face: 231
6 10 14
49 82 121 
54 55 75 98 100 106 163 164 165 223 225 227 232 233 241 
103 104 
Face: 232
6 14 16
82 136 140 
98 100 106 205 206 208 211 212 217 227 231 233 267 
104 106 
Face: 233
10 14 16
49 136 147 
54 55 75 205 206 208 227 228 231 232 241 264 266 267 
104 129 
Face: 234
12 18 19
104 129 144 
128 129 137 188 189 204 220 221 229 244 268 272 
105 134 
Face: 235
7 14 18
48 130 148 
53 55 61 166 168 191 193 196 214 221 236 240 241 256 267 271 
107 110 
Face: 236
8 14 18
122 131 148 
167 168 174 192 193 201 235 241 254 255 256 267 271 
107 118 
Face: 237
7 9 13
93 132 149 
112 114 116 194 195 196 210 213 238 239 245 246 247 
108 109 
Face: 238
9 11 13
36 94 149 
40 41 73 113 114 132 142 195 237 239 245 246 247 
108 126 
Face: 239
9 13 16
95 141 149 
115 116 139 212 213 228 237 238 245 246 247 263 265 
109 127 
Face: 240
7 10 18
47 130 150 
52 55 58 191 193 196 214 221 235 241 242 244 266 
110 112 
Face: 241
10 14 18
49 148 150 
54 55 75 231 233 235 236 240 244 256 266 267 271 
110 129 
Face: 242
7 10 19
47 143 151 
52 55 58 218 219 221 240 243 244 262 264 
111 112 
Face: 243
10 15 19
52 91 151 
57 58 77 108 109 130 219 242 244 260 261 262 264 
111 124 
Face: 244
10 18 19
144 150 151 
220 221 234 240 241 242 243 262 264 266 268 272 
112 130 
Face: 245
8 9 13
31 120 149 
33 34 69 119 161 162 173 222 237 238 239 246 247 
113 114 
Face: 246
9 13 17
61 85 149 
68 69 73 102 103 132 222 237 238 239 245 247 
113 126 
Face: 247
9 13 19
97 113 149 
118 119 130 150 151 173 204 237 238 239 245 246 262 263 265 272 
114 127 
Face: 248
8 10 12
32 146 152 
35 36 71 121 225 226 230 249 250 251 253 261 
115 116 
Face: 249
8 11 12
44 98 152 
50 51 79 120 121 123 230 248 250 252 253 254 255 258 
115 117 
Face: 250
8 12 17
60 125 152 
67 69 71 176 178 180 185 186 203 222 248 249 251 253 
116 122 
Face: 251
10 12 17
62 125 146 
70 71 77 176 178 180 225 226 230 248 250 261 
116 128 
Face: 252
8 11 16
66 98 135 
78 79 81 120 121 123 198 200 203 249 253 254 255 258 
117 120 
Face: 253
8 12 16
57 135 152 
63 64 79 171 180 198 200 203 248 249 250 252 
117 122 
Face: 254
8 11 14
98 122 153 
120 121 123 167 168 174 236 249 252 255 256 257 258 269 
118 119 
Face: 255
8 11 18
98 131 154 
120 121 123 192 193 201 236 249 252 254 256 258 259 270 
118 121 
Face: 256
11 14 18
148 153 154 
235 236 241 254 255 257 259 267 269 270 271 
118 131 
Face: 257
11 14 19
99 118 153 
122 123 133 156 157 174 209 254 256 269 
119 132 
Face: 258
8 11 15
67 98 134 
80 81 82 120 121 123 197 200 201 249 252 254 255 259 
120 121 
Face: 259
11 15 18
67 119 154 
80 81 82 158 159 182 201 255 256 258 270 
121 133 
Face: 260
9 10 15
52 102 145 
57 58 77 125 127 130 223 226 228 243 261 262 
123 124 
Face: 261
10 12 15
52 103 146 
57 58 77 126 127 138 175 178 225 226 230 243 248 251 260 
123 128 
Face: 262
9 10 19
97 145 151 
118 119 130 223 226 228 242 243 244 247 260 263 264 
124 125 
Face: 263
9 16 19
97 141 155 
118 119 130 212 213 228 239 247 262 264 265 268 
125 127 
Face: 264
10 16 19
147 151 155 
227 228 233 242 243 244 262 263 265 266 268 
125 130 
Face: 265
13 16 19
95 113 155 
115 116 139 150 151 173 204 239 247 263 264 268 272 
127 135 
Face: 266
10 16 18
73 147 150 
90 91 139 183 227 228 233 240 241 244 264 267 268 
129 130 
Face: 267
14 16 18
73 136 148 
90 91 139 183 205 206 208 232 233 235 236 241 256 266 268 271 
129 136 
Face: 268
16 18 19
73 144 155 
90 91 139 183 220 221 234 244 263 264 265 266 267 272 
130 135 
Face: 269
11 14 17
63 137 153 
72 73 82 131 132 133 207 208 209 254 256 257 270 271 
131 132 
Face: 270
11 17 18
63 127 154 
72 73 82 131 132 133 181 182 183 255 256 259 269 271 
131 133 
Face: 271
14 17 18
127 137 148 
181 182 183 207 208 209 235 236 241 256 267 269 270 
131 136 
Face: 272
13 18 19
105 113 144 
136 137 139 150 151 173 204 220 221 234 244 247 265 268 
134 135 
Tetra: 1
1 2 3 4 
1 2 3 4 5 6 
1 2 3 4 
2 3 5 11 
Tetra: 2
1 2 3 5 
1 2 4 7 8 9 
1 5 6 7 
1 4 6 12 
Tetra: 3
1 2 4 6 
1 3 5 10 11 12 
2 8 9 10 
1 4 7 15 
Tetra: 4
1 2 5 6 
1 7 8 10 11 13 
5 8 11 12 
2 3 9 17 
Tetra: 5
1 3 4 7 
2 3 6 14 15 16 
3 13 14 15 
1 6 8 35 
Tetra: 6
1 3 5 7 
2 7 9 14 15 17 
6 13 16 17 
2 5 10 38 
Tetra: 7
1 4 6 8 
3 10 12 18 19 20 
9 18 19 20 
3 8 9 67 
Tetra: 8
1 4 7 8 
3 14 16 18 19 21 
14 18 21 22 
5 7 10 70 
Tetra: 9
1 5 6 8 
7 10 13 18 20 22 
11 19 23 24 
4 7 10 80 
Tetra: 10
1 5 7 8 
7 14 17 18 21 22 
16 21 23 25 
6 8 9 83 
Tetra: 11
2 3 4 9 
4 5 6 23 24 25 
4 26 27 28 
1 13 16 36 
Tetra: 12
2 3 5 10 
4 8 9 26 27 28 
7 29 30 31 
2 14 18 39 
Tetra: 13
2 3 8 9 
4 23 24 29 30 31 
26 32 33 34 
11 14 26 47 
Tetra: 14
2 3 8 10 
4 26 27 29 30 32 
29 32 35 36 
12 13 27 48 
Tetra: 15
2 4 6 11 
5 11 12 33 34 35 
10 37 38 39 
3 16 20 68 
Tetra: 16
2 4 9 11 
5 23 25 33 34 36 
27 37 40 41 
11 15 28 59 
Tetra: 17
2 5 6 12 
8 11 13 37 38 39 
12 42 43 44 
4 19 20 81 
Tetra: 18
2 5 10 13 
8 26 28 40 41 42 
30 45 46 47 
12 19 29 62 
Tetra: 19
2 5 12 13 
8 37 38 40 41 43 
42 45 48 49 
17 18 34 89 
Tetra: 20
2 6 11 12 
11 33 35 37 39 44 
38 43 50 51 
15 17 31 102 
Tetra: 21
2 7 10 14 
26 45 46 47 48 49 
52 53 54 55 
22 23 29 110 
Tetra: 22
2 7 10 15 
26 45 47 50 51 52 
52 56 57 58 
21 25 30 111 
Tetra: 23
2 7 12 14 
37 45 46 48 53 54 
53 59 60 61 
21 24 34 71 
Tetra: 24
2 7 12 16 
37 45 53 55 56 57 
59 62 63 64 
23 25 31 72 
Tetra: 25
2 7 15 16 
45 50 51 55 56 58 
56 62 65 66 
22 24 32 95 
Tetra: 26
2 8 9 17 
23 29 31 59 60 61 
33 67 68 69 
13 27 28 113 
Tetra: 27
2 8 10 17 
26 29 32 59 60 62 
35 67 70 71 
14 26 30 116 
Tetra: 28
2 9 11 17 
23 33 36 59 61 63 
40 68 72 73 
16 26 33 126 
Tetra: 29
2 10 13 14 
26 40 42 46 49 64 
46 54 74 75 
18 21 34 103 
Tetra: 30
2 10 15 17 
26 50 52 59 62 65 
57 70 76 77 
22 27 33 128 
Tetra: 31
2 11 12 16 
33 37 44 55 57 66 
50 63 78 79 
20 24 32 117 
Tetra: 32
2 11 15 16 
33 50 55 58 66 67 
65 78 80 81 
25 31 33 120 
Tetra: 33
2 11 15 17 
33 50 59 63 65 67 
72 76 80 82 
28 30 32 133 
Tetra: 34
2 12 13 14 
37 40 43 46 54 64 
48 60 74 83 
19 23 29 55 
Tetra: 35
3 4 7 16 
6 15 16 56 68 69 
15 84 85 86 
5 37 46 72 
Tetra: 36
3 4 9 18 
6 24 25 70 71 72 
28 87 88 89 
11 37 51 60 
Tetra: 37
3 4 16 18 
6 68 69 70 71 73 
84 87 90 91 
35 36 58 79 
Tetra: 38
3 5 7 11 
9 15 17 74 75 76 
17 92 93 94 
6 39 45 84 
Tetra: 39
3 5 10 11 
9 27 28 74 75 77 
31 92 95 96 
12 38 48 61 
Tetra: 40
3 6 13 14 
64 78 79 80 81 82 
97 98 99 100 
41 42 55 103 
Tetra: 41
3 6 13 17 
78 79 81 83 84 85 
97 101 102 103 
40 44 53 98 
Tetra: 42
3 6 14 15 
78 80 82 86 87 88 
98 104 105 106 
40 43 57 106 
Tetra: 43
3 6 15 19 
78 86 87 89 90 91 
104 107 108 109 
42 44 52 96 
Tetra: 44
3 6 17 19 
78 83 84 89 90 92 
101 107 110 111 
41 43 54 82 
Tetra: 45
3 7 11 13 
15 74 76 79 93 94 
93 112 113 114 
38 46 53 108 
Tetra: 46
3 7 13 16 
15 56 68 79 93 95 
85 112 115 116 
35 45 58 109 
Tetra: 47
3 8 9 19 
24 30 31 89 96 97 
34 117 118 119 
13 49 52 114 
Tetra: 48
3 8 10 11 
27 30 32 74 77 98 
36 95 120 121 
14 39 49 115 
Tetra: 49
3 8 11 19 
30 74 89 96 98 99 
117 120 122 123 
47 48 54 119 
Tetra: 50
3 9 12 15 
24 86 100 101 102 103 
124 125 126 127 
51 52 57 123 
Tetra: 51
3 9 12 18 
24 70 72 100 101 104 
88 124 128 129 
36 50 56 101 
Tetra: 52
3 9 15 19 
24 86 89 91 97 102 
108 118 125 130 
43 47 50 124 
Tetra: 53
3 11 13 17 
63 74 79 83 85 94 
102 113 131 132 
41 45 54 126 
Tetra: 54
3 11 17 19 
63 74 83 89 92 99 
110 122 131 133 
44 49 53 132 
Tetra: 55
3 12 13 14 
43 54 64 79 80 100 
83 99 134 135 
34 40 56 57 
Tetra: 56
3 12 13 18 
43 70 79 100 104 105 
128 134 136 137 
51 55 58 134 
Tetra: 57
3 12 14 15 
54 80 86 88 100 103 
105 126 135 138 
42 50 55 75 
Tetra: 58
3 13 16 18 
68 70 73 79 95 105 
90 115 136 139 
37 46 56 135 
Tetra: 59
4 5 9 11 
25 34 36 75 106 107 
41 140 141 142 
16 60 61 84 
Tetra: 60
4 5 9 18 
25 71 72 106 107 108 
89 140 143 144 
36 59 66 85 
Tetra: 61
4 5 10 11 
28 34 75 77 106 109 
96 141 145 146 
39 59 62 68 
Tetra: 62
4 5 10 13 
28 41 42 106 109 110 
47 145 147 148 
18 61 63 69 
Tetra: 63
4 5 13 19 
41 106 110 111 112 113 
147 149 150 151 
62 65 73 89 
Tetra: 64
4 5 14 15 
88 106 114 115 116 117 
152 153 154 155 
65 66 75 90 
Tetra: 65
4 5 14 19 
106 111 112 114 116 118 
149 152 156 157 
63 64 74 92 
Tetra: 66
4 5 15 18 
71 106 108 115 117 119 
143 153 158 159 
60 64 78 87 
Tetra: 67
4 6 8 13 
12 19 20 81 110 120 
20 160 161 162 
7 69 73 98 
Tetra: 68
4 6 10 11 
12 34 35 77 109 121 
39 146 163 164 
15 61 69 102 
Tetra: 69
4 6 10 13 
12 42 81 109 110 121 
148 160 163 165 
62 67 68 103 
Tetra: 70
4 7 8 14 
16 19 21 48 114 122 
22 166 167 168 
8 71 74 107 
Tetra: 71
4 7 12 14 
16 48 53 54 114 123 
61 166 169 170 
23 70 72 75 
Tetra: 72
4 7 12 16 
16 53 56 57 69 123 
64 86 169 171 
24 35 71 77 
Tetra: 73
4 8 13 19 
19 96 110 111 113 120 
150 161 172 173 
63 67 74 114 
Tetra: 74
4 8 14 19 
19 96 111 114 118 122 
156 167 172 174 
65 70 73 119 
Tetra: 75
4 12 14 15 
54 88 103 114 115 123 
138 154 170 175 
57 64 71 76 
Tetra: 76
4 12 15 17 
65 103 115 123 124 125 
175 176 177 178 
75 77 78 128 
Tetra: 77
4 12 16 17 
57 69 123 124 125 126 
171 176 179 180 
72 76 79 122 
Tetra: 78
4 15 17 18 
65 71 115 119 124 127 
158 177 181 182 
66 76 79 133 
Tetra: 79
4 16 17 18 
69 71 73 124 126 127 
91 179 181 183 
37 77 78 136 
Tetra: 80
5 6 8 17 
13 20 22 60 84 128 
24 184 185 186 
9 82 88 98 
Tetra: 81
5 6 12 19 
13 38 39 90 112 129 
44 187 188 189 
17 82 89 105 
Tetra: 82
5 6 17 19 
13 84 90 92 112 128 
111 184 187 190 
44 80 81 92 
Tetra: 83
5 7 8 18 
17 21 22 108 130 131 
25 191 192 193 
10 85 87 107 
Tetra: 84
5 7 9 11 
17 36 75 76 107 132 
94 142 194 195 
38 59 85 108 
Tetra: 85
5 7 9 18 
17 72 107 108 130 132 
144 191 194 196 
60 83 84 94 
Tetra: 86
5 8 15 16 
22 58 117 133 134 135 
197 198 199 200 
87 88 90 120 
Tetra: 87
5 8 15 18 
22 108 117 119 131 134 
159 192 197 201 
66 83 86 121 
Tetra: 88
5 8 16 17 
22 60 126 128 133 135 
185 198 202 203 
80 86 91 122 
Tetra: 89
5 12 13 19 
38 41 43 112 113 129 
49 151 188 204 
19 63 81 134 
Tetra: 90
5 14 15 16 
58 88 116 117 133 136 
155 199 205 206 
64 86 91 106 
Tetra: 91
5 14 16 17 
116 126 128 133 136 137 
202 205 207 208 
88 90 92 136 
Tetra: 92
5 14 17 19 
92 112 116 118 128 137 
157 190 207 209 
65 82 91 132 
Tetra: 93
6 7 9 16 
56 132 138 139 140 141 
210 211 212 213 
94 95 100 109 
Tetra: 94
6 7 9 18 
72 130 132 138 139 142 
196 210 214 215 
85 93 97 101 
Tetra: 95
6 7 15 16 
51 56 58 87 138 140 
66 211 216 217 
25 93 96 106 
Tetra: 96
6 7 15 19 
51 87 90 91 138 143 
109 216 218 219 
43 95 97 111 
Tetra: 97
6 7 18 19 
90 130 138 142 143 144 
214 218 220 221 
94 96 105 112 
Tetra: 98
6 8 13 17 
20 60 81 84 85 120 
103 162 186 222 
41 67 80 113 
Tetra: 99
6 9 10 12 
39 101 121 139 145 146 
223 224 225 226 
100 101 102 123 
Tetra: 100
6 9 10 16 
121 139 140 141 145 147 
212 223 227 228 
93 99 104 125 
Tetra: 101
6 9 12 18 
39 72 101 104 139 142 
129 215 224 229 
51 94 99 105 
Tetra: 102
6 10 11 12 
35 39 44 77 121 146 
51 164 225 230 
20 68 99 115 
Tetra: 103
6 10 13 14 
42 49 64 81 82 121 
75 100 165 231 
29 40 69 104 
Tetra: 104
6 10 14 16 
49 82 121 136 140 147 
227 231 232 233 
100 103 106 129 
Tetra: 105
6 12 18 19 
39 90 104 129 142 144 
189 220 229 234 
81 97 101 134 
Tetra: 106
6 14 15 16 
58 82 87 88 136 140 
106 206 217 232 
42 90 95 104 
Tetra: 107
7 8 14 18 
21 48 122 130 131 148 
168 193 235 236 
70 83 110 118 
Tetra: 108
7 9 11 13 
36 76 93 94 132 149 
114 195 237 238 
45 84 109 126 
Tetra: 109
7 9 13 16 
56 93 95 132 141 149 
116 213 237 239 
46 93 108 127 
Tetra: 110
7 10 14 18 
47 48 49 130 148 150 
55 235 240 241 
21 107 112 129 
Tetra: 111
7 10 15 19 
47 51 52 91 143 151 
58 219 242 243 
22 96 112 124 
Tetra: 112
7 10 18 19 
47 130 143 144 150 151 
221 240 242 244 
97 110 111 130 
Tetra: 113
8 9 13 17 
31 60 61 85 120 149 
69 222 245 246 
26 98 114 126 
Tetra: 114
8 9 13 19 
31 96 97 113 120 149 
119 173 245 247 
47 73 113 127 
Tetra: 115
8 10 11 12 
32 44 77 98 146 152 
121 230 248 249 
48 102 116 117 
Tetra: 116
8 10 12 17 
32 60 62 125 146 152 
71 248 250 251 
27 115 122 128 
Tetra: 117
8 11 12 16 
44 57 66 98 135 152 
79 249 252 253 
31 115 120 122 
Tetra: 118
8 11 14 18 
98 122 131 148 153 154 
236 254 255 256 
107 119 121 131 
Tetra: 119
8 11 14 19 
96 98 99 118 122 153 
123 174 254 257 
49 74 118 132 
Tetra: 120
8 11 15 16 
58 66 67 98 134 135 
81 200 252 258 
32 86 117 121 
Tetra: 121
8 11 15 18 
67 98 119 131 134 154 
201 255 258 259 
87 118 120 133 
Tetra: 122
8 12 16 17 
57 60 125 126 135 152 
180 203 250 253 
77 88 116 117 
Tetra: 123
9 10 12 15 
52 101 102 103 145 146 
127 226 260 261 
50 99 124 128 
Tetra: 124
9 10 15 19 
52 91 97 102 145 151 
130 243 260 262 
52 111 123 125 
Tetra: 125
9 10 16 19 
97 141 145 147 151 155 
228 262 263 264 
100 124 127 130 
Tetra: 126
9 11 13 17 
36 61 63 85 94 149 
73 132 238 246 
28 53 108 113 
Tetra: 127
9 13 16 19 
95 97 113 141 149 155 
239 247 263 265 
109 114 125 135 
Tetra: 128
10 12 15 17 
52 62 65 103 125 146 
77 178 251 261 
30 76 116 123 
Tetra: 129
10 14 16 18 
49 73 136 147 148 150 
233 241 266 267 
104 110 130 136 
Tetra: 130
10 16 18 19 
73 144 147 150 151 155 
244 264 266 268 
112 125 129 135 
Tetra: 131
11 14 17 18 
63 127 137 148 153 154 
256 269 270 271 
118 132 133 136 
Tetra: 132
11 14 17 19 
63 92 99 118 137 153 
133 209 257 269 
54 92 119 131 
Tetra: 133
11 15 17 18 
63 65 67 119 127 154 
82 182 259 270 
33 78 121 131 
Tetra: 134
12 13 18 19 
43 104 105 113 129 144 
137 204 234 272 
56 89 105 135 
Tetra: 135
13 16 18 19 
73 95 105 113 144 155 
139 265 268 272 
58 127 130 134 
Tetra: 136
14 16 17 18 
73 126 127 136 137 148 
183 208 267 271 
79 91 129 131 
