Vertex: 1
2 3 4 5 7 8
1 3 4 6 21 25
1 3 7 12 16 18
Vertex: 2
1 3 4 6 7 9
1 2 7 9 19 24
1 2 8 10 16 17
Vertex: 3
1 2 5 6 8 9
2 3 10 12 22 27
2 3 9 11 17 18
Vertex: 4
1 2 5 6 8 9
4 5 13 17 19 26
1 4 6 10 12 15
Vertex: 5
1 3 4 6 7 9
5 6 14 18 20 27
4 7 9 13 15 18
Vertex: 6
2 3 4 5 7 8
7 8 13 15 20 22
2 4 5 10 11 13
Vertex: 7
1 2 5 6 8 9
8 9 14 16 21 23
5 7 8 13 14 16
Vertex: 8
1 3 4 6 7 9
10 11 15 17 23 25
3 5 6 11 12 14
Vertex: 9
2 3 4 5 7 8
11 12 16 18 24 26
6 8 9 14 15 17
Edge: 1
1 2
2 3 4 6 7 9 19 21 24 25
1 16
Edge: 2
2 3
1 3 7 9 10 12 19 22 24 27
2 17
Edge: 3
1 3
1 2 4 6 10 12 21 22 25 27
3 18
Edge: 4
1 4
1 3 5 6 13 17 19 21 25 26
1 12
Edge: 5
4 5
4 6 13 14 17 18 19 20 26 27
4 15
Edge: 6
1 5
1 3 4 5 14 18 20 21 25 27
7 18
Edge: 7
2 6
1 2 8 9 13 15 19 20 22 24
2 10
Edge: 8
6 7
7 9 13 14 15 16 20 21 22 23
5 13
Edge: 9
2 7
1 2 7 8 14 16 19 21 23 24
8 16
Edge: 10
3 8
2 3 11 12 15 17 22 23 25 27
3 11
Edge: 11
8 9
10 12 15 16 17 18 23 24 25 26
6 14
Edge: 12
3 9
2 3 10 11 16 18 22 24 26 27
9 17
Edge: 13
4 6
4 5 7 8 15 17 19 20 22 26
4 10
Edge: 14
5 7
5 6 8 9 16 18 20 21 23 27
7 13
Edge: 15
6 8
7 8 10 11 13 17 20 22 23 25
5 11
Edge: 16
7 9
8 9 11 12 14 18 21 23 24 26
8 14
Edge: 17
4 8
4 5 10 11 13 15 19 23 25 26
6 12
Edge: 18
5 9
5 6 11 12 14 16 20 24 26 27
9 15
Edge: 19
2 4
1 2 4 5 7 9 13 17 24 26
1 10
Edge: 20
5 6
5 6 7 8 13 14 15 18 22 27
4 13
Edge: 21
1 7
1 3 4 6 8 9 19 21 24 25
7 16
Edge: 22
3 6
2 3 7 8 10 12 13 15 20 27
2 11
Edge: 23
7 8
8 9 10 11 14 15 16 17 21 25
5 14
Edge: 24
2 9
1 2 7 9 11 12 16 18 19 26
8 17
Edge: 25
1 8
1 3 4 6 10 11 15 17 21 23
3 12
Edge: 26
4 9
4 5 11 12 13 16 17 18 19 24
6 15
Edge: 27
3 5
2 3 5 6 10 12 14 18 20 22
9 18
Face: 1
1 2 4
1 4 19
10 12 16
Face: 2
2 3 6
2 7 22
10 11 17
Face: 3
1 3 8
3 10 25
11 12 18
Face: 4
4 5 6
5 13 20
10 13 15
Face: 5
6 7 8
8 15 23
11 13 14
Face: 6
4 8 9
11 17 26
12 14 15
Face: 7
1 5 7
6 14 21
13 16 18
Face: 8
2 7 9
9 16 24
14 16 17
Face: 9
3 5 9
12 18 27
15 17 18
Face: 10
2 4 6
7 13 19
1 2 4
Face: 11
3 6 8
15 20 22
2 3 5
Face: 12
1 4 8
4 17 25
1 3 6
Face: 13
5 6 7
8 14 20
4 5 7
Face: 14
7 8 9
11 16 23
5 6 8
Face: 15
4 5 9
5 18 26
4 6 9
Face: 16
1 2 7
1 9 21
1 7 8
Face: 17
2 3 9
2 12 24
2 8 9
Face: 18
1 3 5
3 6 27
3 7 9