ecurvature
1.851214907591894
4.016374373270058
3.5938408559032404
3.7363818102018502
3.2021793432194494
0.41575336016279874
1.8475149414236287
2.32099426885412
2.398550553434009
3.2579367989471653
1.3392201029965172
2.1109519359150726
4.650562365573631
3.515405079386882
3.349840101322372
2.6488380124066158
3.2133044814070284
2.4695308280206802
2.338487439155707
0.8483964150874028
1.3694741083207864
0.2243155682026936
4.344704867236826
4.784322888159765
4.3330792459683884
1.7719970342177866
4.789473007687558
1.16560670714105
5.049338993299542
0.4722545929061184
4.940131641890383
1.7419583630532969
9.049007010375476E-7
4.804253736171091
1.6208254496400496
4.299563718381192
5.035294678615334
0.7497036549791654
0.4442815179966577
4.7641342482889
3.03381692735194
3.063481068386631
2.5511649636282248
0.15658321233363326
3.42845155111401
3.2792905852445067
0.8309494989120436
4.7647793482656295
4.623180920478421
1.348341572707628
0.23068899721765823
4.932779018634377
3.1865038266918173
3.5381454173181766
3.063181537255873
1.1567030602814985
3.1994433923996284
3.066941410799619
1.923367725134669
2.580417486886338
0.9276595924734776
1.6147550026623034
3.3732837388143757
2.906232221935154
3.8319521854466547
3.9068004978991144
3.3164995744042125
4.172994521577161
2.619310951144809
8.703972498058654E-5
0.8814304938083535
2.6849078975095684
4.550116909099555
2.972254202878715
1.0861548951046953
3.0495097243602007
2.487440362601916
3.6922108532488305
2.103966678047267
3.1691800243393287
2.9418267651343717
3.036274802156696
1.443566420263335
3.433635640824537
1.0448894971498093
5.161733915118831
2.9818905228254224
3.127142953632914
0.04471678466624285
3.995102641129197
1.8466232694648648
2.5260171902217894
3.44114280321008
1.3263265984855543
2.5331510819342844
1.352053129527567
3.2856904617568783
1.1325088937992662
3.2049404298289366
4.362364619452743
3.48662867566645
2.198058247525456
2.8734694404388113
2.3531385303998267
2.9360647129171946
2.591534345363307
2.064846125103272
2.601510855485865
2.9772023817170816
1.849103866821578
0.19358866177346346
3.7929991622092496
2.5751322167495223
3.184004227062278
3.355151120500739
2.6104274711599653
3.21265005086243
4.588646082355061
1.0044803894769356
2.490634089497075
4.019382062507016
2.1475526696069176
2.858845315981619
3.0038440484271036
3.1458377807062265
1.4212663831022119
1.813687724457453
0.34735605603233966
3.756994105700892
4.535455991376127
3.7662094324854696
3.7549804542085554
0.013949324715747835
2.012603303166328
4.526869868637947
2.1182777546695633
3.604384966187698
1.3100605201144435
2.1049056496096004
3.965653808356007
2.5715951831784505
4.949852601876917
0.522167637859233
0.9134332670118628
3.037807627619811
4.758323519617798
3.7148612853743725
3.1802146132183373
1.0473658691112828
2.56081352817114
1.174172826666514
1.566334866643487
4.178937099528892
4.11542683162487
4.16921993128366
1.1672049138368816
4.156743126755284
2.1483438610681374
5.0197411463379185
0.0984242513289113
4.743324744414581
1.3599538153432633
4.519022674881976
3.465036622422511
0.421221619350888
3.1312142203329216
0.9591926590886521
2.5531680185604975
2.693343401526262
3.1541025285630893
1.8970961648615277
1.9187993154359695
3.0434606464193985
3.9643958481244628
2.5900455118268413
1.1752985080885943
2.2690971234430264
1.782141935002345
4.272945165616039
3.41271228036113
0.22219303188805695
4.900701445373748
5.172461875891985
1.0314341346933675
5.231020963321481
0.8795793733449313
1.7624407110398295
4.741381702840593
4.89290775063763
0.09256483393811221
2.1451758583049565
3.984973803921232
3.729621276338993
1.7284181962378
4.015444119751028
0.5464557105411942
0.7239579846035191
3.0795771111640953
3.7869582905006967
3.2229683558095275
2.845119245108693
0.03775771231470326
3.421504396999722
2.043423192161378
2.051336729522892
5.124569169940811
1.553287040237266
3.831403905304279
5.105021916682828
0.8660680338168136
0.27451537173347584
5.3243067579930194
2.7524358173704178
4.115093845398051
2.680692075886517
1.759366094967822
3.3106591796253957
3.6195835468169912
0.7685544384041536
2.572737799239854
4.343137674029415
1.0759240513847543
4.722315718169808
2.8285513164145373
0.9288567541522827
4.504373592375962
1.919390888169417
2.071248288947398
1.8417507764844139
1.8855003895732299
2.0290185717880824
5.109567010844664
3.8793170285946963
0.05813978442684764
4.2436094042796375
1.302708200449348
0.5376596328402963
5.034794260331358
5.185601389988082
1.1206992215791356
3.6000996974310144
3.9050354720639415
0.29624870642030765
0.2525111702976979
3.7593629159540374
3.4930352423750675
2.7327351920680196
3.375923672922079
2.438978942836368
3.000986429972671
3.1164975404644792
1.0558095695911467
3.357787534010959
3.3975551675132953
2.9067739570486957
1.9797096101028284
3.75827427790919
1.9589632905142251
3.5742330878227806
1.2925777860602492
2.2215475871626635
0.8144927965070572
4.5665406965215745
2.105792187980471
1.959357942054153
5.072032233657452
3.4726920323179757
2.0470390294323266
4.0194129542767065
0.2561074018838312
1.4791610922528062
2.983456462613202
3.6160256786762037
1.260370420601264
3.739454076689219
2.9983344638451817
3.0560244441124027
3.036988169327999
4.627427112080222
0.13699561095463864
1.6419704159185495
3.0671726265325523
1.3471142511912797
2.431268054672865
2.757065045099316
2.0489419876919492
3.83522915820965
5.0229970814993905
2.3012865786693273
1.0342111565398344
3.4003189359977704
1.1055070783331744
3.236427861628104
3.553053204315151
0.5228879597608085
2.8602977013338573
3.5985658413679973
3.716090595355337
1.3054282763739726
2.953902294241353
3.282448442107104
2.857567474940341
0.06389335028663456
0.015279784325204382
5.307209552758754
5.300769906633586
3.97747179803902
2.7604048322490846
3.652884424358723
0.9703561293381355
3.8152830304325844
0.7446479321642059
1.942962043672542
3.7458110772121502
3.1644841109705686
3.385724215401993
3.3162441010469266
0.23245325663832617
3.0493979523743038
3.188433352657337
3.368886625702589
3.9325834326907674
2.163624643755745
1.943362753630745
1.110861342005426
3.7725831694644567
0.9517969796992078
4.730823755909591
0.9585090995038521
4.683540032931479
4.119317216359196
2.2845181588397896
0.4708175706855775
1.1281444959481395
3.7984280080894015
2.8524627874710546
3.759309650083416
0.9586655166928835
3.278378316565879
4.042605753248695
1.489342399151376
2.4725147973445623
3.2717819597419795
4.184324455636202
0.7547261101736242
3.9845715736633753
2.6652231936322406
4.448155936939908
0.916617377636217
2.879744482677299
3.075805837988475
1.195728136453916
3.329784644330969
1.570442490611926
3.143931071053853
3.8851803221098296
3.4880850227590843
2.894990415696932
4.102344175623567
0.21940909290800592
2.7239578666635342
0.29852942552345807
3.636241271614137
4.788749265449716
3.6556148543687317
1.1833388692016977
3.710636063963471
0.7030988346528995
5.26556550279497
1.9118762154292916
2.482489586081612
2.0319877301173155
1.2217258823706498
1.5634622529702695
5.211148897314341
4.0397623322525655
3.7827112506114093
2.3042144514651293
3.890215136967899
1.1233666355194165
1.0149005249909622
4.2186058789655725
0.903859236313143
3.112279672194312
3.7267227602297925
1.6614907478168863
4.838574261690044
3.4127358060960367
0.14629929446076173
3.944800635869796
5.414692521307587
0.1719171463086755
3.031636856734504
5.183534914407308
0.5606359575077868
2.592096125682371
3.0115243708205774
1.0098130530872802
3.6867358793589045
2.5700584941365716
2.7975503912838873
1.5584963787794983
4.389397050753425
2.8455583781165323
1.192141129975257
4.105770425622739
1.9116214267062968
2.2534092337524747
3.5360035127462734
1.6310389153394775
3.6561473826516404
3.689128317911387
2.502363737442513
2.0958097764263184
2.826320689328485
2.190758249391509
1.8640726993836603
2.2322341351248562
1.7254752731875116
3.1883529973648015
0.8631790691085826
2.249599963231476
3.956972501084068
2.0101323609212973
3.9285480778886095
2.240050061612127
3.8856965707455284
5.087682315886045
1.687483251889238
0.7907587627061543
2.805288686917332
3.956469306653848
2.0939379621935417
3.665781713446212
1.1685729143214558
2.5011531002145597
1.4557369365410326
2.840653092518365
2.167025393729815
2.970394280497412
5.502487157146748
1.282605136835277
4.701267541636183
0.9265208487520744
0.05299602546981552
4.936462652234945
0.32819740390908275
5.246444984932025
4.6609055116909826
1.4873778063336247
4.073086319448877
2.92228223918437
2.616491115154083
1.0400959960737797
2.012334599247075
2.934819944682314
1.5415867314103848
3.9520576945635724
2.1295608027514374
3.1970204428420557
3.9960500583066736
3.5381338592580827
1.6102761276919084
1.7136710378098259
4.385360621061588
0.9811007478888492
2.4335430358442762
0.8448945481962733
3.4823305084481766
4.118001582465903
1.5271041914375374
0.04757014215714195
5.069868989033488
4.43681884956383
1.1132923947594726
4.604427010479421
4.6646539707114565
4.120461134537413
2.1345039094477003
0.610430196276226
1.572778438764789
3.313245791644988
1.8286192368189
3.709056438539891
3.5275742089806528
1.9955581583894881
3.4818520973791083
3.1716937746755054
2.6349140200935346
0.7496690724880097
4.540580620380069
0.5624184674845467
3.744968162222386
1.609074903177898
1.3120326693456472
3.939636979757051
2.1249458347426
4.248917971629306
4.466422468014384
0.8741632866771196
1.6669996014460797
2.6161550284630826
2.953332698575432
5.004447035541543
2.0659035327747586
2.630447910503868
2.6006583055903487
3.4446647857180386
0.7178923949453728
2.8027530915148926
3.4854865857407793
3.986961671306379
0.05739275931693122
3.0290485207686975
2.433695988351264
3.7029934388693984
4.0224271505146785
2.5605296774955875
0.301012919819313
3.1413525900571706
0.5244058840780181
4.676912187194595
3.3377174313903653
2.0798180818339507
3.257863062997303
1.6937258350904307
2.846166550244531
3.5084591849573026
3.0950211151338127
1.6887945858336548
3.869345918531098
0.6924659548391965
2.085821885446404
2.085276403854503
4.6251628266279265
3.7700504419844356
5.319314571005307
1.1381776660718004
4.947602721219866
4.781477417190594E-4
0.9106858072334766
4.605899885084307
3.4130835450960766
4.92010578583849
3.2943975017440077
0.6136811528345403
2.058663233296332
2.419486390538731
1.6570661018164972
3.0786618576248532
2.2406000155606547
3.4137897981922958
3.1951835688557333
2.8321689907047665
2.333340696025878
1.3484441609830458
1.8413942653003275
2.688647545082631
2.245068841103115
4.32037113597394
2.860199634618878
1.3198556076757564
2.472355190936031
4.5197948561480805
1.9054059297833321
3.0916927500039852
2.445817854211089
1.7508816558824076
2.638697465390234
3.294879766473697
2.0744354989910567
1.1424480671570039
3.1532431330771837
2.993243018917038
3.367606219257738
2.5178119114028936
4.907494971063689
2.552109084105569
4.2699179119794515
0.03658153196249958
2.3439446845610825
1.6872725307598793
2.756707825918868
0.8567140060218836
3.6962165854459936
4.111168535692585
1.906572294963059
4.745629966835677
4.564494641156998
0.2655784437930251
3.8531368448107264
1.3803186055837884
3.1476968824752007
4.430761833542537
2.0713053745429364
0.8349179954103167
2.391586236488345
0.38324049387640935
5.100645625660648
3.792863243231163
2.4614950426985884
3.5760990747876593
1.4799548629420483
2.6254438335955856
2.8076335497756437
3.542284839108121
3.01107426070033
3.2178633440559077
1.4481063782319452
2.0546049395108215
1.101174162645098
3.682009032456932
2.465212810502119
3.7972325542557255
2.0836255810861095
2.79208705388157
3.9349983276173224
3.9055025248892625
0.26044475555871593
2.7852848810587445
1.6663723712210294
2.4040327698615114
3.0963573596571274
1.1433633523525013
4.535173078774617
2.8411548862541682
1.2216180230690945
4.840032696817581
3.1303960412012515
1.386571773010337
3.6978881137986845
2.150100886951837
1.7916110817964355
0.47821184265500216
3.6776191307231634
3.742419568471748
4.255956449206268
1.9513728012530067
4.0713620007203195
1.0895635172564266
3.5746763432849677
2.5520366285876523
3.4852121184540303
2.1726328506400527
0.7010135947177438
3.530110724737618
1.9135287003308044
2.116069587354562
2.040308800135881
4.131464066888412
3.1577415328813614
1.5596746476815948
1.257172702431509
4.131958922154786
2.3900187744655748
2.8837116972394803
3.943727398687201
0.5224518860372782
3.32844044891871
3.38980264424802
3.701001313985789
5.166423832237722
2.577298491756852
2.3847018634848847
0.6034591595593368
3.5800881545163357
0.22161582404428426
5.021461993487928
0.4916511144372464
4.9868358433477695
2.6972765604225466
0.8459569411645416
4.3276048598769865
3.5505879124751862
0.7157547331377387
3.132141668066546
2.3354667528094377
2.0363331801475244
3.110733134030526
3.7918685141966386
2.866051875545034
2.279823163937465
2.754298260086798
1.7951815571380048
4.422947462995003
2.8587915547087746
1.9713353638653959
2.566178362102569
2.5968506521390013
1.587274828430786
4.1302477515650935
1.281409318063045
4.684836465259683
3.0370075701152706
0.001446660285235879
3.757728465887143
1.8039063256111931
3.876281354046369
2.1494956507622365
2.4016018588189323
4.16579532488603
4.737502950447973
1.7661083075414845
0.07651382622498804
2.55218790418954
3.47833804575607
0.5381398577790122
2.832094478074718
3.5263579243729195
3.332274711434916
4.294919356220712
1.954619309229725
4.081601739462668
2.262114035415643
0.3883827173677916
2.0277463558486923
1.0829024011504174
3.4252756872892083
3.1056679550068953
4.138792696520458
4.290856700918272
2.6047175322364713
0.8184911994150494
1.0188142561803595
3.924566003101666
3.307053603120596
3.7570827577730728
2.2878619782717458
1.7129938485969403
2.7073607774394484
3.6843638882506786
2.1264562488479
2.220007365970321
3.409221794850432
0.00518711183477949
3.4824522268699227
1.8555231633382943
4.721162741920732
1.6019906921214644
3.490140548838758
3.0404693256880524
2.749688746455239
0.04741243292270658
3.245756541855773
3.5951367700028833
3.6130368336344136
4.107568665032132
1.3694627080057578
1.0272123042165455
4.206318544138975
3.139962368293511
3.0281124862403215
3.1349139560323454
2.5454995358223957
0.8246379421254999
2.505955093802336
0.015008087205802267
4.004264361717781
3.265459025604068
4.215118567166103
3.71022844511519
3.063227412396262
3.1317391612462906
3.7106000795773566
2.687001500534902
0.26958757116993404
1.7870792695762279
1.1649361234102735
4.127431231553235
2.833251430444167
1.8628895140804067
3.7884050703190484
2.2814781659470023
1.230927065820489
4.520553091168347
2.8215347343158594
3.3405795835098058
2.84571768631815
2.995566237189633
1.4328277294736553
2.434385882265345
1.755844214309035
3.294650265736765
5.183067187395161
1.347815789709116
3.191918659780218
2.2477312711375754
2.6160303678038965
1.4310379140177094
3.579964053269083
2.2389203847139605E-4
3.8339692635786973
2.233172077275016
3.3575232878066705
3.6310312421842887
2.9477978145163313
4.491398684968977
4.238838359377683
0.24416876006814747
2.282277223789136
0.8609172230482701
3.9527668966807274
1.9417344755828316
4.8376369074394665
4.375443910846488
1.2962911839554927
3.3364397006371336
1.81253359503199
1.2655575026783885
3.4245881011197294
2.922317264462595
3.729415400495197
0.13971532286004074
2.30921743545218
3.799336136080112
3.467351033271785
3.860875429616119
1.5022778839139632
2.2522441976657532
2.8091509789907962
4.491975809425858
0.0782582244503498
4.085338295629615
3.9784029542192267
0.3623908260406714
3.9593113199827057
2.9475811473090743
2.487349854168751
2.2919430308882474
2.375304926568436
1.8060268404484232
1.967695511192142
4.095586708590273
3.5610777977778225
3.1341212377400645
1.793439075407187
3.6842379590011527
1.613617027657223
2.637390054894799
2.15132738444925
4.010266796064584
1.3605965033731102
1.5856058062753053
3.3281906162234014
2.80912612155512
2.5039091753852074
4.026436212687587
0.7248338288842566
4.121209734701791
2.149610114762549
2.972594598429236
4.101787227629812
3.323493691802314
1.8596057352469468
3.2353038723092906
0.2763547838722209
1.111881992400375
2.0306919142003994
4.6557666346042685
3.545796716375183
2.718171337657945
1.5722579552806115
3.8115184348556173
2.697252039874561
1.474971914732768
2.202603980715857
2.610031353791676
3.2127575015653314
1.2161256270509382
4.289939763453628
2.184465950742732
1.7197427522355992
2.6897559613643964
3.11382086364456
0.7637725486198446
3.901336997853819
2.444792576816217
4.057859219617126
1.113172064188035
4.269175366938352
3.1377593897580134
3.2691005116729355
1.347804309535518
1.2435703388693895
2.312043159680776
4.113373335398469
2.7045337348915974
3.5720474110039167
1.1080579939870834
3.8551587511414662
2.837778125591467
0.11214483910420636
4.495071272939621
2.825511042387882
2.4850505421387097
4.190980917116489
3.8947129756100263
2.9004227002859597
3.2682127308658195
0.10839195411086622
2.589465876509915
1.6260004125388414
1.249733967334949
3.5832335550533942
3.100804942081816
3.256875813432769
3.0614057737256064
2.4934020838868536
3.3865371063559557
1.3106970566021292
4.336883323119862
2.7646243889123987
3.2423581657329947
2.572208885246014
3.50720529014409
0.6462800445517085
1.457644735781856
0.789415168523993
3.0865992715791375
4.081966092351978
2.6976841170006836
1.8737992128146344
2.4159167570222957
5.139519424592074
3.353369882764767
0.7721501998325375
2.0269796420437483
0.7831161150172932
4.255021201185558
3.0073897334877486
2.293181639655246
3.85792922807593
1.0533847754386336
2.8481693235264713
3.4870787623101833
1.2588924794962244
4.406738735946585
0.10217560983317187
3.4188791147788904
3.7651316030333324
2.0782607146987173
3.918130660484022
3.2063868880495567
3.0245019183096824
1.361490169061645
3.474348548924881
2.9596042899813297
1.580199469174039
1.519074712876363
1.6562758390894814
3.6731319645802625
4.397190918207688
0.7065166480305207
1.9069204244607967
4.711756538711847
0.6630564643805457
1.3821122204826324
1.5679140941964458
4.181365027364917
4.931829478418038
1.32565017935797
1.8710405239724157
4.274765241858544
5.088403996139492
0.2772141778400772
4.928523667589464
3.5272484024669577
4.542459966202367
0.12602892109637587
2.057979495252192
3.9293355538699606
3.30760240857984
0.044877308715010944
3.6616504004535693
1.6851685497586066
4.538267702166665
4.081048481419313
1.340522584227172
0.5094075933625981
4.221287610953318
2.0134468350445767
2.3520262840804693
1.1550024281302511
3.5286680012702067
3.890374429545955
3.098687952490104
1.2706849197157668
2.385072298551515
2.510229466074014
2.834051661722131
