Vertex: 1
2 3 4
1 3 4
1 2 4
Vertex: 2
1 3 4
1 2 5
1 2 3
Vertex: 3
1 2 4
2 3 6
1 3 4
Vertex: 4
1 2 3 5 6 7
4 5 6 7 8 9
2 3 4 5 6 7
Vertex: 5
4 6 7
7 10 12
5 7 8
Vertex: 6
4 5 7
8 10 11
5 6 8
Vertex: 7
4 5 6
9 11 12
6 7 8
Edge: 1
1 2
2 3 4 5
1 2
Edge: 2
2 3
1 3 5 6
1 3
Edge: 3
1 3
1 2 4 6
1 4
Edge: 4
1 4
1 3 7 8 9
2 4
Edge: 5
2 4
1 2 7 8 9
2 3
Edge: 6
3 4
2 3 7 8 9
3 4
Edge: 7
4 5
4 5 6 10 12
5 7
Edge: 8
3 4
4 5 6 10 11
5 6
Edge: 9
4 7
4 5 6 11 12
6 7
Edge: 10
5 6
7 8 11 12
5 8
Edge: 11
6 7
8 9 10 12
6 8
Edge: 12
5 7
7 9 10 11
7 8
Face: 1
1 2 3
1 2 3
2 3 4
Face: 2
1 2 4
1 4 5
1 3 4
Face: 3
2 3 4
2 5 6
1 2 4
Face: 4
1 3 4
3 4 6
1 2 3
Face: 5
4 5 6
7 8 10
6 7 8
Face: 6
4 6 7
8 9 11
5 7 8
Face: 7
4 5 7
7 9 12
5 6 8
Face: 8
5 6 7
10 11 12
5 6 7