lehr
2.5370977091425253
2.5414058363729435
2.4824880065166472
2.5085628775514404
2.5234294396346706
2.508782813996515
2.569488972287877
2.488712926428778
2.482327730977596
2.6598429117886946
2.5881293400093193
2.4868358806294135
2.504998616056353
2.4953697240566055
2.506408599106389
2.4795690723587684
2.517806450632297
2.557452019481417
2.477054095120317
2.5369210148705723
2.591472587417129
2.47738543315605
2.6035367884390177
2.4425063136911827
2.547446644386604
2.5567006328297923
2.587193482659457
2.512064826334052
2.663357962791072
2.5840853371032724
2.4561013779448513
2.574290803961621
2.453083696181458
2.580421960634162
2.4999604102404285
2.53057164697273
2.413861286408701
2.3596350065531237
2.630023582959887
2.5196175016557003
2.578672815602297
2.5786141400727525
2.5215760827954528
2.6818142153541245
2.4053280949612414
2.5466697664707816
2.508493234434064
2.4489001337303575
2.544349717555565
2.518448041044367
2.545942109087295
2.554220657776609
2.526928259180558
2.380599101854544
2.519234124751398
2.530746166839311
2.548523692263837
2.499008346293612
2.532969629150107
2.4993504001468683
2.5634408258815595
2.536513317920289
2.572751426714375
2.5487398135260237
2.549580717321518
2.5612372630994136
2.3872999926624403
2.5314508621750256
2.6202722438401267
2.5149562048846663
2.549437739014712
2.5445581949197176
2.5599984845230397
2.56519827943306
2.5377522604123466
2.555899388030937
2.547343910906648
2.419014402591179
2.407992493637785
2.526666049099788
2.527325736977352
2.517396977708907
2.541115783296709
2.5417746771962624
2.5438558405316414
2.4928465207205472
2.603607623597602
2.5929453869865497
2.5310336524621624
2.5323921922719377
2.606968001319766
2.563556079919417
2.60733347030015
2.6041910180308503
2.7151641420569503
2.3977259022419237
2.502595542509712
2.5568120594609445
2.654722767973052
