vehr
33.60069905739231
34.60258979171558
39.500369148457494
41.62685437753871
35.44837847031566
35.805736268375234
35.68284881215294
37.995623057262456
36.966424687300346
37.38405938030784
32.13644437395066
35.78579517281519
37.156429787491426
35.806048125231
37.122432462426765
39.90567229976616
35.452858846435895
35.037349669629315
42.53660814701059
34.495818868203976
43.393752855914364
39.029110896750026
40.35138034777361
40.94698242731168
34.34426725370943
33.68055221676424
38.7901213674392
37.07382498154889
40.02185291746625
34.854131137323805
39.43992901649462
34.37828583222569
38.01821821092639
37.089647582691484
35.38898164206255
33.386438967225736
41.23227415789333
42.904346349311744
43.59821001313921
41.37894830978897
37.177901238113606
33.923648401023485
37.63418030714187
39.44977625235867
43.777051995451735
33.489307128781576
35.52001249757909
38.58735656691412
38.09811974824141
37.571857666118255
38.92679243821445
35.51182162479769
35.642037085234506
44.151705972673014
36.845554583195
33.46202166647933
34.10613868894672
36.90387532214164
36.31492595327893
37.22614891666725
32.72735983726232
33.37571726822814
41.20090262630495
36.55229209590283
36.42155196705254
35.7012800808519
43.63374357120186
37.531013911576
34.43045370627379
36.57542329391163
36.0107837909415
35.61567995290573
34.960579108666174
36.5498752339092
34.70498519235712
34.45011602637574
35.769400509753645
37.43440344453469
39.78873276808817
34.677943156011395
36.88795768520778
35.41345330257989
34.96562716521278
34.222274179086654
34.021811893604564
35.687433957557694
35.12315467447348
36.07198480404069
34.827099297793694
34.60473238085403
36.6530042192148
36.592920374907905
39.08621776974612
36.78278491557499
39.407224636749014
45.735531511648325
39.581754618816746
37.63953054587235
35.32314497621754
