vcurvature
8.700707380238004
8.409570434096567
7.251796755601227
7.101462260032086
6.5037932228659905
7.717230507261164
6.882220926849035
6.920563694333797
8.508115192083418
4.939284601367642
5.4851177205690345
8.811453104402071
8.951525676395395
6.5516139101543684
7.101111718207563
7.289851632816237
9.597440715734765
6.905447725642095
5.03837471562946
4.593397514629026
5.126050411268167
7.088830991138806
6.515312695483992
6.400017246490808
7.449955731507628
8.761826733013125
5.869647714197144
8.756127364798575
6.353348595777037
7.634463488493423
4.8556633914895375
9.715927782422858
7.923734611362555
7.619112922800592
5.814274249209382
6.143014379821835
3.5842998943337725
6.3004668261325145
8.227036269621907
6.911463746158507
6.70437461401282
6.772422701529033
8.42280177372924
8.158279992992394
5.909145927893774
6.456989304732089
2.9068527357919542
3.971583339824167
7.627088906735441
8.564385875518521
8.178374947724183
9.76452136401279
7.099239290179644
7.57611307845555
6.4268365880341625
5.393630967413524
8.134392444628297
6.489656074325661
8.068645897652257
8.082891944191257
6.802259070781135
6.212431256655368
5.801570161294687
9.392057449595418
5.869828450868711
7.724187203612983
8.783295146533273
6.447350052271618
6.377779636614988
7.536229736758053
9.405254898076539
5.909964633642237
8.4086821566903
6.763626815437269
6.904958727238822
4.9943042249606755
6.404836271025721
7.1793384558413225
3.073877698759338
6.132187862129194
8.51293327718342
7.60311829335365
7.2456330379637635
7.875778227690569
5.663934033651055
5.463048794843203
6.568736882764869
8.432166249561812
6.446853562403543
9.885551282057998
9.587728991787767
5.129456738306024
8.502308089319282
5.413547720065532
7.515113840745563
6.925229772908492
8.452723692992764
5.491455893424508
9.403557750391368
7.717919425319357
2.3940643676081454
5.242327279087548
9.631137492655139
6.532433565839091
6.794888037133638
8.09027885740871
6.37540087448693
8.98421936353795
5.828485143042224
5.76579824572098
8.70040045632609
4.95281204809181
5.023848187367106
8.488002048976186
3.592228398162484
7.100301370209285
6.542388916515632
7.202450846182474
6.19462247232008
8.010410262115837
6.841671751519071
8.130744480547518
6.0498767402891165
7.28711918997743
10.025193526392108
8.477259715768081
8.930786819769931
6.2266803167023825
6.159225168132877
7.048674286485229
5.559450307628059
3.8866120307635272
8.024726562898678
7.6953036342338565
4.471209891085924
7.825158326313369
4.973574127487226
9.512702084152302
5.759442168274107
7.161264925209959
5.211052984377586
8.287158214775122
4.78324269997476
3.0612432159249217
9.8180703365865
8.606490981983939
7.771006591884182
4.513786044692171
5.592970967183899
9.282789334913442
6.149124107117118
6.314387268508423
8.68175739761789
5.984393388008516
7.901746205949268
5.657871630648089
7.613597450682847
8.044383637268682
10.138853747764529
6.028052749727433
6.501811900153006
7.30778252791958
6.716499084411202
9.234543672345053
7.349325731907637
6.019167771807615
4.729455417730497
5.879207762289899
7.580076569224605
10.352393288772872
6.456462590436475
6.863285307887208
8.92209941954555
7.551777022526771
6.818431401819463
8.70132682876748
8.092611804049394
7.202890887709218
7.3601447026756714
7.427630455147836
5.873662519715905
8.485789301925232
6.3520714118782635
5.793018730251209
6.3113419545633995
4.687024865876342
6.484623651299609
7.123495441018918
6.316828310403726
5.627604941076656
5.040077509110062
6.300050846435772
2.533224643836491
5.543550036645015
10.180693053709602
7.557636462639666
9.437140884697454
7.95557215148007
4.4222177485441145
5.748756533939345
5.605492605975359
4.817540547895493
9.542009505564486
7.282426650865062
5.1530149804054535
9.39937493548349
7.626819142134748
6.1567462509364255
6.987460587527944
5.1206490705389625
6.059554623933601
8.100294159036086
4.180144522465353
6.33172827264241
7.133010850116406
6.338045437753899
6.366923387268175
11.40889265189426
4.275966570103561
4.4587330510394105
5.940689606976386
4.943648267261544
6.812522408907871
5.976040766913959
6.959316641839027
8.285443499549313
8.115574186153927
5.507072387132721
7.66714981459363
7.702170694744385
8.959841843345302
7.326056718067274
5.8971250793099514
7.173742201044044
7.087691444706454
6.487369512024516
7.762426659382072
7.567052841945063
6.770389206597124
8.569978639882406
3.947212167607932
6.533690707032993
6.085584199814391
3.129657954565837
4.1508833183797345
6.915281961919462
9.056112200478097
5.73129049466039
5.036564913134028
8.911852402716256
4.322457869684756
8.347398218904203
5.9221621972751155
4.9105036390937284
4.527697330235385
8.61891781804073
9.15176815412581
7.313017981605858
4.8070103756168665
5.984931316519245
8.604769094595868
4.964324141092043
9.190250663203305
6.1525349155593805
8.177097867880798
7.5005844378534645
7.290474954770353
6.495236106605491
5.121960361541836
5.048782846851636
6.989834893877303
8.238202033223812
8.498749000615357
5.84864659684897
5.159656325370608
7.7357943589024405
7.087953887160443
6.330932188206765
8.738243593112815
8.517922051361555
5.524929145328041
7.976455363365569
9.334175451724196
7.648161682731749
6.6970858453829845
7.659648549366807
7.298480032315727
7.451219166334859
4.6650157550787785
8.6262920754832
5.039178776215932
8.540866233025712
7.195174028363898
6.627569847239042
7.865576091439778
6.677131206381998
6.559892979350407
8.491200748105777
5.860691101507854
8.267753081062413
7.560257546716273
8.648619502288502
8.61192079416989
6.7356520252690295
6.377354152266868
8.656171508540883
7.808506376742849
7.221217902429516
7.312622695862149
7.9013779419296615
3.6916373751064486
8.832506711551655
4.1958202321096145
7.8715511942961385
5.451326452678281
9.211895995514602
5.228554151340741
5.822266685775682
5.062652691275053
7.635277967042671
7.732074041948315
4.01009543811308
6.306211860814955
8.841573206293742
6.07904981943982
5.4271117462371485
6.071468719716129
9.66596356598957
6.130720474563935
7.124732337211367
7.938409339438483
7.29085932494017
7.857958204338944
7.657831081023483
3.4787088188579878
6.098665945759933
4.051164887946712
6.0172292088189
9.272255973049667
7.775515928150828
6.607200505491154
9.868109206609155
5.840977912019563
9.814695278545276
5.102966788900223
9.803920217465635
7.446447418320616
6.28697595226371
6.804787732643836
6.442401162298863
7.150294708023942
4.894177348242243
9.69968975661297
8.240245067965521
6.6643587117478225
5.3138378969674775
4.678129826243529
4.219410432210953
5.122994593274615
6.531431739473515
7.655906399606954
8.043158911805499
4.230235175968625
5.8637468355338624
6.329501230610352
6.203837118839625
9.420618218006357
6.54035497027305
4.44931333061428
9.008147956910367
5.603736205576782
9.032443656683245
7.851391884983396
9.189041768495795
6.661341520565339
5.127503811960351
6.954460882391226
8.938737368186
7.182796464750339
8.670632125316049
8.769608534556935
7.789011066097198
6.890634352698211
4.768823396047319
5.023641373311767
8.065895474031143
5.838603593125189
7.394279575026947
6.63563374253782
7.146176933510107
5.238348875662173
6.667384653692984
6.874177239605972
6.742817810001222
5.250547708283449
6.02849836525429
8.218491155503683
6.623209027305456
8.446951681247572
7.58529238481563
5.707821506540904
9.814961969241672
8.12475718456581
7.817358546846278
5.667685557872344
6.9192940771889475
6.728616226276889
9.82575331809385
6.220492800292562
6.6515186421237305
9.27736607022298
8.43339727092683
6.074056584421788
7.113683798823153
7.149650261602156
9.3082461088008
6.29076313689388
6.055234929506093
8.617032172919068
6.8497067874534645
7.572054112672468
7.381500454489713
8.551047204911464
5.67579108817138
7.7172597328759185
7.901425034866357
5.967307177196239
6.276639884702257
6.09068958938659
6.801998961914471
6.9573969708969905
5.415805428537508
3.780175550858942
9.022102064484496
8.007643461050977
5.354932852882479
5.854895481262918
5.459627147915693
8.629627544574697
9.650424216907886
6.290141610147765
6.364809904790797
5.385041426575814
8.374132118153884
8.007561799604494
7.945813749224859
8.188024388690236
6.207799524765391
7.6500317897148955
6.152141788340813
4.001650514588052
8.300059568665018
8.576583892862924
4.798960089246769
5.498739924467063
9.277950847026702
7.858319605176407
4.904526063018509
7.702467303639493
4.395336468148774
5.032740338594224
9.790850762224874
9.868721080501334
4.959685257183975
5.572118000841161
9.521431824303589
3.9767076857204007
8.873952726385802
4.806425374512235
9.592310070591658
8.776110340849856
3.554473965208138
7.696890023810738
4.850514400249226
3.369035221422988
4.828581892610106
7.728058091544272
6.036724794021558
5.841662308529446
8.51912048608481
7.082705520772128
6.140403156355968
9.387932441505301
8.235886036135973
4.892791780727255
7.362729820139158
6.960407920091248
9.669602712971653
5.5312102849017055
4.736517176393105
3.126019798777676
8.336331900784792
7.363265310079435
6.575729628389064
4.513538092898787
