Vertex: 1
2 3 4 5 7 8 9 10 11 12 
1 2 3 7 10 19 22 23 30 31 
1 2 3 5 6 8 9 17 18 20 23 24 25 26 33 34 35 37 38 39 47 48 64 65 
1 2 3 6 7 9 10 13 14 15 16 19 20 29 31 32 
Vertex: 4
1 3 5 6 7 8 9 11 12 
1 4 5 8 13 16 46 47 48 
1 2 4 5 7 11 12 14 15 21 23 63 64 65 66 67 68 69 70 71 72 
1 2 4 5 8 9 29 30 31 32 33 34 35 36 
Vertex: 5
1 2 3 4 6 8 9 10 11 12 
2 4 6 11 14 24 26 34 37 41 
1 3 4 8 10 11 13 24 25 27 28 29 31 38 40 41 42 44 45 50 51 53 55 60 
1 3 4 9 10 11 12 15 16 17 18 21 22 23 26 27 
Vertex: 8
1 2 3 4 5 7 9 11 12 
3 5 6 9 12 15 18 27 42 
2 3 4 6 7 9 10 12 13 15 16 18 19 22 28 30 50 52 54 57 58 
1 2 3 4 5 6 7 8 11 21 22 24 25 28 
Vertex: 7
1 4 8 9 12 
7 8 9 17 40 
5 6 7 14 16 20 48 49 68 
2 5 7 20 31 34 
Vertex: 2
1 3 5 8 12 
10 11 12 20 43 
8 9 10 17 19 41 53 54 59 
3 6 16 22 25 27 
Vertex: 11
1 3 4 5 8 9 10 12 
13 14 15 21 22 25 28 33 
11 12 13 21 22 23 24 26 27 29 30 32 34 35 36 57 62 69 
4 8 9 10 11 12 13 14 24 28 32 36 
Vertex: 12
1 2 3 4 5 6 7 8 9 10 11 
16 17 18 19 20 21 34 35 36 39 45 
14 15 16 17 18 19 20 21 22 38 39 40 41 42 43 45 46 47 49 58 59 60 61 62 70 71 72 
5 6 7 8 15 16 17 18 19 20 25 26 27 28 33 34 35 36 
Vertex: 10
1 5 9 11 12 
23 24 25 29 35 
25 26 27 31 32 37 39 40 43 
10 12 14 15 17 19 
Vertex: 9
1 3 4 5 6 7 8 10 11 12 
26 27 28 29 31 32 36 38 40 46 
28 29 30 31 32 33 35 36 37 42 43 44 46 47 48 49 51 52 56 63 64 66 68 72 
11 12 13 14 17 18 19 20 21 23 24 29 30 31 34 35 
Vertex: 3
1 2 4 5 6 8 9 11 12 
30 32 33 41 42 43 44 45 47 
33 34 36 50 51 52 53 54 55 56 57 58 59 60 61 62 63 65 67 69 70 
13 21 22 23 24 25 26 27 28 29 30 32 33 36 
Vertex: 6
3 4 5 9 12 
37 38 39 44 48 
44 45 46 55 56 61 66 67 71 
18 23 26 30 33 35 
Edge: 1
1 4
2 3 4 5 7 8 10 13 16 19 22 23 30 31 46 47 48 
1 2 5 23 64 65 
1 2 9 29 31 32 
Edge: 2
1 5
1 3 4 6 7 10 11 14 19 22 23 24 26 30 31 34 37 41 
1 3 8 24 25 38 
1 3 9 10 15 16 
Edge: 3
1 8
1 2 5 6 7 9 10 12 15 18 19 22 23 27 30 31 42 
2 3 6 9 18 
1 2 3 6 7 
Edge: 4
4 5
1 2 5 6 8 11 13 14 16 24 26 34 37 41 46 47 48 
1 4 11 
1 4 9 
Edge: 5
4 8
1 3 4 6 8 9 12 13 15 16 18 27 42 46 47 48 
2 4 7 12 15 
1 2 4 5 8 
Edge: 6
5 8
2 3 4 5 9 11 12 14 15 18 24 26 27 34 37 41 42 
3 4 10 13 28 50 
1 3 4 11 21 22 
Edge: 7
1 7
1 2 3 8 9 10 17 19 22 23 30 31 40 
5 6 20 48 
2 7 20 31 
Edge: 8
4 7
1 4 5 7 9 13 16 17 40 46 47 48 
5 7 14 68 
2 5 31 34 
Edge: 9
7 8
3 5 6 7 8 12 15 17 18 27 40 42 
6 7 16 
2 5 7 
Edge: 10
1 2
1 2 3 7 11 12 19 20 22 23 30 31 43 
8 9 17 
3 6 16 
Edge: 11
2 5
2 4 6 10 12 14 20 24 26 34 37 41 43 
8 10 41 53 
3 16 22 27 
Edge: 12
2 8
3 5 6 9 10 11 15 18 20 27 42 43 
9 10 19 54 
3 6 22 25 
Edge: 13
4 11
1 4 5 8 14 15 16 21 22 25 28 33 46 47 48 
11 12 21 23 69 
4 8 9 32 36 
Edge: 14
5 11
2 4 6 11 13 15 21 22 24 25 26 28 33 34 37 41 
11 13 24 27 29 
4 9 10 11 12 
Edge: 15
8 11
3 5 6 9 12 13 14 18 21 22 25 27 28 33 42 
12 13 22 30 57 
4 8 11 24 28 
Edge: 16
4 12
1 4 5 8 13 17 18 19 20 21 34 35 36 39 45 46 47 48 
14 15 21 70 71 72 
5 8 33 34 35 36 
Edge: 17
7 12
7 8 9 16 18 19 20 21 34 35 36 39 40 45 
14 16 20 49 
5 7 20 34 
Edge: 18
8 12
3 5 6 9 12 15 16 17 19 20 21 27 34 35 36 39 42 45 
15 16 18 19 22 58 
5 6 7 8 25 28 
Edge: 19
1 12
1 2 3 7 10 16 17 18 20 21 22 23 30 31 34 35 36 39 45 
17 18 20 38 39 47 
6 7 15 16 19 20 
Edge: 20
2 12
10 11 12 16 17 18 19 21 34 35 36 39 43 45 
17 19 41 59 
6 16 25 27 
Edge: 21
11 12
13 14 15 16 17 18 19 20 22 25 28 33 34 35 36 39 45 
21 22 62 
8 28 36 
Edge: 22
1 11
1 2 3 7 10 13 14 15 19 21 23 25 28 30 31 33 
23 24 26 34 35 
9 10 13 14 32 
Edge: 23
1 10
1 2 3 7 10 19 22 24 25 29 30 31 35 
25 26 37 39 
10 14 15 19 
Edge: 24
5 10
2 4 6 11 14 23 25 26 29 34 35 37 41 
25 27 31 40 
10 12 15 17 
Edge: 25
10 11
13 14 15 21 22 23 24 28 29 33 35 
26 27 32 
10 12 14 
Edge: 26
5 9
2 4 6 11 14 24 27 28 29 31 32 34 36 37 38 40 41 46 
28 29 31 42 44 51 
11 12 17 18 21 23 
Edge: 27
8 9
3 5 6 9 12 15 18 26 28 29 31 32 36 38 40 42 46 
28 30 52 
11 21 24 
Edge: 28
9 11
13 14 15 21 22 25 26 27 29 31 32 33 36 38 40 46 
29 30 32 35 36 
11 12 13 14 24 
Edge: 29
9 10
23 24 25 26 27 28 31 32 35 36 38 40 46 
31 32 37 43 
12 14 17 19 
Edge: 30
1 3
1 2 3 7 10 19 22 23 31 32 33 41 42 43 44 45 47 
33 34 65 
13 29 32 
Edge: 31
1 9
1 2 3 7 10 19 22 23 26 27 28 29 30 32 36 38 40 46 
33 35 37 47 48 64 
13 14 19 20 29 31 
Edge: 32
3 9
26 27 28 29 30 31 33 36 38 40 41 42 43 44 45 46 47 
33 36 51 52 56 63 
13 21 23 24 29 30 
Edge: 33
3 11
13 14 15 21 22 25 28 30 32 41 42 43 44 45 47 
34 36 57 62 69 
13 24 28 32 36 
Edge: 34
5 12
2 4 6 11 14 16 17 18 19 20 21 24 26 35 36 37 39 41 45 
38 40 41 42 45 60 
15 16 17 18 26 27 
Edge: 35
10 12
16 17 18 19 20 21 23 24 25 29 34 36 39 45 
39 40 43 
15 17 19 
Edge: 36
9 12
16 17 18 19 20 21 26 27 28 29 31 32 34 35 38 39 40 45 46 
42 43 46 47 49 72 
17 18 19 20 34 35 
Edge: 37
5 6
2 4 6 11 14 24 26 34 38 39 41 44 48 
44 45 55 
18 23 26 
Edge: 38
6 9
26 27 28 29 31 32 36 37 39 40 44 46 48 
44 46 56 66 
18 23 30 35 
Edge: 39
6 12
16 17 18 19 20 21 34 35 36 37 38 44 45 48 
45 46 61 71 
18 26 33 35 
Edge: 40
7 9
7 8 9 17 26 27 28 29 31 32 36 38 46 
48 49 68 
20 31 34 
Edge: 41
5 3
2 4 6 11 14 24 26 30 32 33 34 37 42 43 44 45 47 
50 51 53 55 60 
21 22 23 26 27 
Edge: 42
8 3
3 5 6 9 12 15 18 27 30 32 33 41 43 44 45 47 
50 52 54 57 58 
21 22 24 25 28 
Edge: 43
2 3
10 11 12 20 30 32 33 41 42 44 45 47 
53 54 59 
22 25 27 
Edge: 44
6 3
30 32 33 37 38 39 41 42 43 45 47 48 
55 56 61 67 
23 26 30 33 
Edge: 45
3 12
16 17 18 19 20 21 30 32 33 34 35 36 39 41 42 43 44 47 
58 59 60 61 62 70 
25 26 27 28 33 36 
Edge: 46
9 4
1 4 5 8 13 16 26 27 28 29 31 32 36 38 40 47 48 
63 64 66 68 72 
29 30 31 34 35 
Edge: 47
3 4
1 4 5 8 13 16 30 32 33 41 42 43 44 45 46 48 
63 65 67 69 70 
29 30 32 33 36 
Edge: 48
6 4
1 4 5 8 13 16 37 38 39 44 46 47 
66 67 71 
30 33 35 
Face: 1
1 4 5
1 2 4 
2 3 4 5 8 11 23 24 25 38 64 65 
1 9 
Face: 2
1 4 8
1 3 5 
1 3 4 5 6 7 9 12 15 18 23 64 65 
1 2 
Face: 3
1 5 8
2 3 6 
1 2 4 6 8 9 10 13 18 24 25 28 38 50 
1 3 
Face: 4
4 5 8
4 5 6 
1 2 3 7 10 11 12 13 15 28 50 
1 4 
Face: 5
1 4 7
1 7 8 
1 2 6 7 14 20 23 48 64 65 68 
2 31 
Face: 6
1 7 8
3 7 9 
2 3 5 7 9 16 18 20 48 
2 7 
Face: 7
4 7 8
5 8 9 
2 4 5 6 12 14 15 16 68 
2 5 
Face: 8
1 2 5
2 10 11 
1 3 9 10 17 24 25 38 41 53 
3 16 
Face: 9
1 2 8
3 10 12 
2 3 6 8 10 17 18 19 54 
3 6 
Face: 10
2 5 8
6 11 12 
3 4 8 9 13 19 28 41 50 53 54 
3 22 
Face: 11
4 5 11
4 13 14 
1 4 12 13 21 23 24 27 29 69 
4 9 
Face: 12
4 8 11
5 13 15 
2 4 7 11 13 15 21 22 23 30 57 69 
4 8 
Face: 13
5 8 11
6 14 15 
3 4 10 11 12 22 24 27 28 29 30 50 57 
4 11 
Face: 14
4 7 12
8 16 17 
5 7 15 16 20 21 49 68 70 71 72 
5 34 
Face: 15
4 8 12
5 16 18 
2 4 7 12 14 16 18 19 21 22 58 70 71 72 
5 8 
Face: 16
7 8 12
9 17 18 
6 7 14 15 18 19 20 22 49 58 
5 7 
Face: 17
1 2 12
10 19 20 
8 9 18 19 20 38 39 41 47 59 
6 16 
Face: 18
1 8 12
3 18 19 
2 3 6 9 15 16 17 19 20 22 38 39 47 58 
6 7 
Face: 19
2 8 12
12 18 20 
9 10 15 16 17 18 22 41 54 58 59 
6 25 
Face: 20
1 7 12
7 17 19 
5 6 14 16 17 18 38 39 47 48 49 
7 20 
Face: 21
4 11 12
13 16 21 
11 12 14 15 22 23 62 69 70 71 72 
8 36 
Face: 22
8 11 12
15 18 21 
12 13 15 16 18 19 21 30 57 58 62 
8 28 
Face: 23
1 4 11
1 13 22 
1 2 5 11 12 21 24 26 34 35 64 65 69 
9 32 
Face: 24
1 5 11
2 14 22 
1 3 8 11 13 23 25 26 27 29 34 35 38 
9 10 
Face: 25
1 5 10
2 23 24 
1 3 8 24 26 27 31 37 38 39 40 
10 15 
Face: 26
1 10 11
22 23 25 
23 24 25 27 32 34 35 37 39 
10 14 
Face: 27
5 10 11
14 24 25 
11 13 24 25 26 29 31 32 40 
10 12 
Face: 28
5 8 9
6 26 27 
3 4 10 13 29 30 31 42 44 50 51 52 
11 21 
Face: 29
5 9 11
14 26 28 
11 13 24 27 28 30 31 32 35 36 42 44 51 
11 12 
Face: 30
8 9 11
15 27 28 
12 13 22 28 29 32 35 36 52 57 
11 24 
Face: 31
5 9 10
24 26 29 
25 27 28 29 32 37 40 42 43 44 51 
12 17 
Face: 32
9 10 11
25 28 29 
26 27 29 30 31 35 36 37 43 
12 14 
Face: 33
1 3 9
30 31 32 
34 35 36 37 47 48 51 52 56 63 64 65 
13 29 
Face: 34
1 3 11
22 30 33 
23 24 26 33 35 36 57 62 65 69 
13 32 
Face: 35
1 9 11
22 28 31 
23 24 26 29 30 32 33 34 36 37 47 48 64 
13 14 
Face: 36
3 9 11
28 32 33 
29 30 32 33 34 35 51 52 56 57 62 63 69 
13 24 
Face: 37
1 9 10
23 29 31 
25 26 31 32 33 35 39 43 47 48 64 
14 19 
Face: 38
1 5 12
2 19 34 
1 3 8 17 18 20 24 25 39 40 41 42 45 47 60 
15 16 
Face: 39
1 10 12
19 23 35 
17 18 20 25 26 37 38 40 43 47 
15 19 
Face: 40
5 10 12
24 34 35 
25 27 31 38 39 41 42 43 45 60 
15 17 
Face: 41
2 5 12
11 20 34 
8 10 17 19 38 40 42 45 53 59 60 
16 27 
Face: 42
5 9 12
26 34 36 
28 29 31 38 40 41 43 44 45 46 47 49 51 60 72 
17 18 
Face: 43
9 10 12
29 35 36 
31 32 37 39 40 42 46 47 49 72 
17 19 
Face: 44
5 6 9
26 37 38 
28 29 31 42 45 46 51 55 56 66 
18 23 
Face: 45
5 6 12
34 37 39 
38 40 41 42 44 46 55 60 61 71 
18 26 
Face: 46
6 9 12
36 38 39 
42 43 44 45 47 49 56 61 66 71 72 
18 35 
Face: 47
1 9 12
19 31 36 
17 18 20 33 35 37 38 39 42 43 46 48 49 64 72 
19 20 
Face: 48
1 7 9
7 31 40 
5 6 20 33 35 37 47 49 64 68 
20 31 
Face: 49
7 9 12
17 36 40 
14 16 20 42 43 46 47 48 68 72 
20 34 
Face: 50
5 8 3
6 41 42 
3 4 10 13 28 51 52 53 54 55 57 58 60 
21 22 
Face: 51
5 9 3
26 32 41 
28 29 31 33 36 42 44 50 52 53 55 56 60 63 
21 23 
Face: 52
8 9 3
27 32 42 
28 30 33 36 50 51 54 56 57 58 63 
21 24 
Face: 53
5 2 3
11 41 43 
8 10 41 50 51 54 55 59 60 
22 27 
Face: 54
8 2 3
12 42 43 
9 10 19 50 52 53 57 58 59 
22 25 
Face: 55
5 6 3
37 41 44 
44 45 50 51 53 56 60 61 67 
23 26 
Face: 56
6 9 3
32 38 44 
33 36 44 46 51 52 55 61 63 66 67 
23 30 
Face: 57
8 3 11
15 33 42 
12 13 22 30 34 36 50 52 54 58 62 69 
24 28 
Face: 58
8 3 12
18 42 45 
15 16 18 19 22 50 52 54 57 59 60 61 62 70 
25 28 
Face: 59
2 3 12
20 43 45 
17 19 41 53 54 58 60 61 62 70 
25 27 
Face: 60
5 3 12
34 41 45 
38 40 41 42 45 50 51 53 55 58 59 61 62 70 
26 27 
Face: 61
6 3 12
39 44 45 
45 46 55 56 58 59 60 62 67 70 71 
26 33 
Face: 62
3 11 12
21 33 45 
21 22 34 36 57 58 59 60 61 69 70 
28 36 
Face: 63
9 3 4
32 46 47 
33 36 51 52 56 64 65 66 67 68 69 70 72 
29 30 
Face: 64
9 1 4
1 31 46 
1 2 5 23 33 35 37 47 48 63 65 66 68 72 
29 31 
Face: 65
3 1 4
1 30 47 
1 2 5 23 33 34 63 64 67 69 70 
29 32 
Face: 66
9 6 4
38 46 48 
44 46 56 63 64 67 68 71 72 
30 35 
Face: 67
3 6 4
44 47 48 
55 56 61 63 65 66 69 70 71 
30 33 
Face: 68
9 7 4
8 40 46 
5 7 14 48 49 63 64 66 72 
31 34 
Face: 69
3 4 11
13 33 47 
11 12 21 23 34 36 57 62 63 65 67 70 
32 36 
Face: 70
3 4 12
16 45 47 
14 15 21 58 59 60 61 62 63 65 67 69 71 72 
33 36 
Face: 71
6 4 12
16 39 48 
14 15 21 45 46 61 66 67 70 72 
33 35 
Face: 72
9 4 12
16 36 46 
14 15 21 42 43 46 47 49 63 64 66 68 70 71 
34 35 
Tetra: 1
1 4 5 8 
1 2 3 4 5 6 
1 2 3 4 
2 3 4 9 
Tetra: 2
1 4 7 8 
1 3 5 7 8 9 
2 5 6 7 
1 5 7 31 
Tetra: 3
1 2 5 8 
2 3 6 10 11 12 
3 8 9 10 
1 6 16 22 
Tetra: 4
4 5 8 11 
4 5 6 13 14 15 
4 11 12 13 
1 8 9 11 
Tetra: 5
4 7 8 12 
5 8 9 16 17 18 
7 14 15 16 
2 7 8 34 
Tetra: 6
1 2 8 12 
3 10 12 18 19 20 
9 17 18 19 
3 7 16 25 
Tetra: 7
1 7 8 12 
3 7 9 17 18 19 
6 16 18 20 
2 5 6 20 
Tetra: 8
4 8 11 12 
5 13 15 16 18 21 
12 15 21 22 
4 5 28 36 
Tetra: 9
1 4 5 11 
1 2 4 13 14 22 
1 11 23 24 
1 4 10 32 
Tetra: 10
1 5 10 11 
2 14 22 23 24 25 
24 25 26 27 
9 12 14 15 
Tetra: 11
5 8 9 11 
6 14 15 26 27 28 
13 28 29 30 
4 12 21 24 
Tetra: 12
5 9 10 11 
14 24 25 26 28 29 
27 29 31 32 
10 11 14 17 
Tetra: 13
1 3 9 11 
22 28 30 31 32 33 
33 34 35 36 
14 24 29 32 
Tetra: 14
1 9 10 11 
22 23 25 28 29 31 
26 32 35 37 
10 12 13 19 
Tetra: 15
1 5 10 12 
2 19 23 24 34 35 
25 38 39 40 
10 16 17 19 
Tetra: 16
1 2 5 12 
2 10 11 19 20 34 
8 17 38 41 
3 6 15 27 
Tetra: 17
5 9 10 12 
24 26 29 34 35 36 
31 40 42 43 
12 15 18 19 
Tetra: 18
5 6 9 12 
26 34 36 37 38 39 
42 44 45 46 
17 23 26 35 
Tetra: 19
1 9 10 12 
19 23 29 31 35 36 
37 39 43 47 
14 15 17 20 
Tetra: 20
1 7 9 12 
7 17 19 31 36 40 
20 47 48 49 
7 19 31 34 
Tetra: 21
5 8 9 3 
6 26 27 32 41 42 
28 50 51 52 
11 22 23 24 
Tetra: 22
5 8 2 3 
6 11 12 41 42 43 
10 50 53 54 
3 21 25 27 
Tetra: 23
5 6 9 3 
26 32 37 38 41 44 
44 51 55 56 
18 21 26 30 
Tetra: 24
8 9 3 11 
15 27 28 32 33 42 
30 36 52 57 
11 13 21 28 
Tetra: 25
8 2 3 12 
12 18 20 42 43 45 
19 54 58 59 
6 22 27 28 
Tetra: 26
5 6 3 12 
34 37 39 41 44 45 
45 55 60 61 
18 23 27 33 
Tetra: 27
5 2 3 12 
11 20 34 41 43 45 
41 53 59 60 
16 22 25 26 
Tetra: 28
8 3 11 12 
15 18 21 33 42 45 
22 57 58 62 
8 24 25 36 
Tetra: 29
9 3 1 4 
1 30 31 32 46 47 
33 63 64 65 
13 30 31 32 
Tetra: 30
9 3 6 4 
32 38 44 46 47 48 
56 63 66 67 
23 29 33 35 
Tetra: 31
9 7 1 4 
1 7 8 31 40 46 
5 48 64 68 
2 20 29 34 
Tetra: 32
3 1 4 11 
1 13 22 30 33 47 
23 34 65 69 
9 13 29 36 
Tetra: 33
3 6 4 12 
16 39 44 45 47 48 
61 67 70 71 
26 30 35 36 
Tetra: 34
9 7 4 12 
8 16 17 36 40 46 
14 49 68 72 
5 20 31 35 
Tetra: 35
9 6 4 12 
16 36 38 39 46 48 
46 66 71 72 
18 30 33 34 
Tetra: 36
3 4 11 12 
13 16 21 33 45 47 
21 62 69 70 
8 28 32 33 
