=
[[ 1, 9, 12 ],
[1, 12, 24 ],
[1, 24,31 ],
[1, 31, 40 ],
[1, 40, 9 ],
[2, 17, 14 ],
[2, 14, 40 ],
[2, 40, 31 ],
[3, 7, 19 ],
[3, 19, 5 ],
[3, 5, 22 ],
[3, 22, 4 ],
[3, 4, 37 ],
[3, 37, 15 ],
[3, 15, 20 ],
[3, 20, 7 ],
[4, 34, 8 ],
[4, 8, 37 ],
[4, 22, 28 ],
[5, 19, 14 ],
[5, 14, 32 ],
[5, 32, 28 ],
[5, 28, 22 ],
[6, 23, 30 ],
[6, 30, 33 ],
[6, 33, 25 ],
[6, 25, 39 ],
[6, 39, 19 ],
[6, 19, 7 ],
[6, 7, 23 ],
[7, 20, 23 ],
[8, 34, 26 ],
[8, 26, 13 ],
[8, 13, 37 ],
[9, 25, 12 ],
[9, 40, 39 ],
[9, 39, 25 ],
[10, 30, 27 ],
[10, 27, 29 ],
[10, 29, 42 ],
[10, 42, 41 ],
[10, 41, 30 ],
[11, 38, 18 ],
[11, 18, 35 ],
[12, 25, 45 ],
[12, 45, 44 ],
[12, 44, 47 ],
[12, 47, 24 ],
[13, 30, 23 ],
[13, 23, 20 ],
[13, 20, 15 ],
[13, 15, 37 ],
[13, 26, 16 ],
[13, 16, 29 ],
[13, 29, 27 ],
[13, 27, 30 ],
[14, 19, 39 ],
[14, 39, 40 ],
[14, 17, 32 ],
[16, 50, 35 ],
[16, 35, 18 ],
[16, 18, 29 ],
[16, 26, 49 ],
[16, 49, 50 ],
[18, 42, 29 ],
[18, 38, 42 ],
[21, 45, 36 ],
[21, 36, 41 ],
[21, 41, 43 ],
[21, 43, 44 ],
[21, 44, 45 ],
[25, 33, 45 ],
[30, 41, 36 ],
[30, 36, 33 ],
[33, 36, 45 ],
[38, 48, 43 ],
[38, 43, 42] ,
[41, 42, 43],
[43, 46, 44],
[43, 48, 46],
[44, 46, 47]]