goodtorus=[[1,2,4,8],[1,2,4,12],[1,2,6,8],
  [1,2,6,14],[1,2,10,12],[1,2,10,14],[1,3,4,8],
  [1,3,4,12],[1,3,7,8],[1,3,7,15],[1,3,11,12],
  [1,3,11,15],[1,5,6,8],[1,5,6,14],[1,5,7,8],
  [1,5,7,15],[1,5,13,14],[1,5,13,15],[1,9,10,12],
  [1,9,10,14],[1,9,11,12],[1,9,11,15],[1,9,13,14],
  [1,9,13,15],[2,3,5,9],[2,3,5,13],[2,3,7,9],
  [2,3,7,15],[2,3,11,13],[2,3,11,15],[2,4,5,9],
  [2,4,5,13],[2,4,8,9],[2,4,12,13],[2,6,7,9],
  [2,6,7,15],[2,6,8,9],[2,6,14,15],[2,10,11,13],
  [2,10,11,15],[2,10,12,13],[2,10,14,15],[3,4,6,10],
  [3,4,6,14],[3,4,8,10],[3,4,12,14],[3,5,6,10],
  [3,5,6,14],[3,5,9,10],[3,5,13,14],[3,7,8,10],
  [3,7,9,10],[3,11,12,14],[3,11,13,14],[4,5,7,11],
  [4,5,7,15],[4,5,9,11],[4,5,13,15],[4,6,7,11],
  [4,6,7,15],[4,6,10,11],[4,6,14,15],[4,8,9,11],
  [4,8,10,11],[4,12,13,15],[4,12,14,15],[5,6,8,12],
  [5,6,10,12],[5,7,8,12],[5,7,11,12],[5,9,10,12],
  [5,9,11,12],[6,7,9,13],[6,7,11,13],[6,8,9,13],
  [6,8,12,13],[6,10,11,13],[6,10,12,13],[7,8,10,14],
  [7,8,12,14],[7,9,10,14],[7,9,13,14],[7,11,12,14],
  [7,11,13,14],[8,9,11,15],[8,9,13,15],[8,10,11,15],
  [8,10,14,15],[8,12,13,15],[8,12,14,15]]