facets:=[[1,8,21,24],[8,11,21,24],[11,14,21,24],[1,14,21,24],
[3,6,22,23],[6,9,22,23],[9,16,22,23],[3,16,22,23],
[2,5,21,22],[5,12,21,22],[12,15,21,22],[2,15,21,22],
[4,7,23,24],[7,10,23,24],[10,13,23,24],[4,13,23,24],
[4,8,19,20],[8,12,19,20],[12,16,19,20],[4,16,19,20],
[1,5,17,20],[5,9,17,20],[9,13,17,20],[1,13,17,20],
[3,7,18,19],[7,11,18,19],[11,15,18,19],
[3,15,18,19],[2,6,17,18],[6,10,17,18],[10,14,17,18],
[2,14,17,18],[1,2,5,17],[2,5,6,17],[5,6,9,17],
[6,9,10,17],[9,10,13,17],[10,13,14,17],[1,13,14,17],
[1,2,14,17],[3,4,7,19],[4,7,8,19],[7,8,11,19],
[8,11,12,19],[11,12,15,19],[12,15,16,19],[3,15,16,19],
[3,4,16,19],[1,2,5,21],[1,5,8,21],[5,8,12,21],
[8,11,12,21],[11,12,15,21],[11,14,15,21],[2,14,15,21],
[1,2,14,21],[3,4,7,23],[3,6,7,23],[6,7,10,23],
[6,9,10,23],[9,10,13,23],[9,13,16,23],[4,13,16,23],
[3,4,16,23],[2,3,6,22],[2,5,6,22],[5,6,9,22],
[5,9,12,22],[9,12,16,22],[12,15,16,22],[3,15,16,22],
[2,3,15,22],[1,4,8,20],[1,5,8,20],[5,8,12,20],
[5,9,12,20],[9,12,16,20],[9,13,16,20],[4,13,16,20],
[1,4,13,20],[2,3,6,18],[3,6,7,18],[6,7,10,18],
[7,10,11,18],[10,11,14,18],[11,14,15,18],[2,14,15,18],
[2,3,15,18],[1,4,8,24],[4,7,8,24],[7,8,11,24],
[7,10,11,24],[10,11,14,24],[10,13,14,24],[1,13,14,24],[1,4,13,24]]