Vertex: 1; (weight = 3.29833)
2 3 4 5 7 6 12 
1 2 4 6 11 3 10 
1 2 3 5 7 4 11 
Vertex: 2; (weight = 2.2986)
1 4 6 8 10 
1 5 8 13 18 
1 2 6 9 18 
Vertex: 3; (weight = 0.634704)
1 5 6 9 11 16 25 
2 7 9 16 20 31 30 
3 4 8 10 16 28 27 
Vertex: 4; (weight = 1.26983)
1 2 8 12 
4 5 12 22 
2 6 11 12 
Vertex: 5; (weight = 2.49116)
1 3 7 9 14 15 
6 7 14 15 26 29 
3 7 8 14 15 24 
Vertex: 6; (weight = 7.88209)
2 3 10 11 17 18 27 1 
8 9 17 19 33 36 56 3 
4 9 10 17 19 30 33 1 
Vertex: 7; (weight = 2.2047)
1 5 12 14 20 23 41 
11 14 21 27 40 47 64 
5 7 14 21 25 36 53 
Vertex: 8; (weight = 2.12759)
4 2 12 13 21 22 10 20 
12 13 23 24 41 44 25 42 
6 12 13 22 23 37 18 35 
Vertex: 9; (weight = 1.95726)
5 3 15 24 25 34 
15 16 28 49 51 77 
8 15 26 27 44 63 
Vertex: 10; (weight = 3.48312)
6 2 17 13 8 
17 18 32 34 25 
9 17 18 31 13 
Vertex: 11; (weight = 11.7806)
6 3 18 19 28 29 16 25 37 47 38 53 
19 20 35 37 59 62 38 52 58 75 84 85 
10 19 20 32 34 49 28 43 48 61 69 70 
Vertex: 12; (weight = 1.69719)
7 4 8 20 1 
21 22 23 39 10 
11 12 21 35 5 
Vertex: 13; (weight = 2.5706)
8 10 22 26 17 43 
24 34 43 57 54 66 
13 23 31 47 29 55 
Vertex: 14; (weight = 0.633693)
5 7 15 23 31 
26 27 45 46 68 
14 24 25 39 56 
Vertex: 15; (weight = 1.21891)
9 5 14 24 31 32 
28 29 45 48 69 72 
15 24 26 39 41 58 
Vertex: 16; (weight = 0.167199)
3 25 11 
31 50 38 
16 28 43 
Vertex: 17; (weight = 2.04616)
10 6 26 27 35 13 
32 33 53 55 79 54 
17 29 30 45 65 31 
Vertex: 18; (weight = 1.3433)
11 6 27 38 
35 36 60 86 
19 33 50 69 
Vertex: 19; (weight = 3.35458)
11 29 39 47 56 
37 61 89 107 128 
20 34 51 73 
Vertex: 20; (weight = 0.586692)
12 7 21 40 41 57 8 
39 40 63 90 92 130 42 
21 35 36 52 74 22 
Vertex: 21; (weight = 1.55608)
8 20 22 40 42 58 
41 63 65 91 94 132 
22 37 52 54 75 
Vertex: 22; (weight = 1.54634)
13 8 21 42 43 
43 44 65 95 97 
23 37 54 55 
Vertex: 23; (weight = 0.0737205)
14 7 32 41 44 31 
46 47 70 93 100 71 
25 40 53 57 56 
Vertex: 24; (weight = 3.6305)
15 9 33 32 45 46 34 
48 49 73 101 103 74 105 
26 41 42 59 60 63 
Vertex: 25; (weight = 7.15002)
16 9 34 47 48 3 11 
50 51 76 106 109 30 52 
27 43 44 61 62 16 
Vertex: 26; (weight = 3.83545)
17 13 35 49 51 43 
53 57 78 112 116 67 
29 45 47 64 67 
Vertex: 27; (weight = 0.733744)
17 6 18 36 38 50 54 35 
55 56 60 80 87 115 124 81 
30 33 46 50 66 71 65 
Vertex: 28; (weight = 1.69154)
11 37 52 53 
59 83 119 121 
32 49 68 
Vertex: 29; (weight = 4.02849)
19 11 39 53 55 
61 62 88 122 126 
34 51 70 72 
Vertex: 30; (weight = 1.41275)
43 51 
96 117 
38 
Vertex: 31; (weight = 0.989594)
14 15 32 23 
68 69 98 71 
39 56 58 40 
Vertex: 32; (weight = 2.20278)
23 31 44 24 15 
70 98 99 101 72 
40 57 58 41 
Vertex: 33; (weight = 3.28448)
24 45 46 
73 102 104 
42 59 
Vertex: 34; (weight = 9.15938)
25 9 48 46 24 
76 77 108 110 105 
44 62 63 60 
Vertex: 35; (weight = 0.686463)
26 17 49 36 27 
78 79 111 113 81 
45 64 65 46 
Vertex: 36; (weight = 1.18753)
27 35 50 
80 113 114 
46 66 
Vertex: 37; (weight = 7.6178)
28 52 38 11 
83 118 120 58 
48 68 32 
Vertex: 38; (weight = 0.128602)
18 27 37 54 11 
86 87 120 123 84 
50 69 71 48 
Vertex: 39; (weight = 1.82129)
29 19 55 56 
88 89 125 127 
51 72 73 
Vertex: 40; (weight = 0.651533)
20 21 57 58 
90 91 129 131 
52 74 75 
Vertex: 41; (weight = 5.36212)
20 23 7 
92 93 64 
53 36 
Vertex: 42; (weight = 0.4769)
21 22 
94 95 
54 
Vertex: 43; (weight = 8.11522)
30 22 13 26 51 
96 97 66 67 82 
55 38 47 67 
Vertex: 44; (weight = 0.704769)
32 23 
99 100 
57 
Vertex: 45; (weight = 0.850253)
33 24 
102 103 
59 
Vertex: 46; (weight = 17.121)
33 34 24 
104 110 74 
60 42 
Vertex: 47; (weight = 7.57616)
25 19 11 
106 107 75 
61 20 
Vertex: 48; (weight = 9.83141)
34 25 
108 109 
62 
Vertex: 49; (weight = 8.68162)
35 26 
111 112 
64 
Vertex: 50; (weight = 7.33359)
36 27 
114 115 
66 
Vertex: 51; (weight = 0.710912)
26 30 43 
116 117 82 
67 38 
Vertex: 52; (weight = 9.93312)
37 28 
118 119 
68 
Vertex: 53; (weight = 8.27819)
28 29 11 
121 122 85 
70 49 
Vertex: 54; (weight = 0.953193)
38 27 
123 124 
71 
Vertex: 55; (weight = 5.2665)
39 29 
125 126 
72 
Vertex: 56; (weight = 1.61921)
39 19 
127 128 
73 
Vertex: 57; (weight = 0.546812)
40 20 
129 130 
74 
Vertex: 58; (weight = 1.04148)
40 21 
131 132 
75 
Edge: 1; (length = 3.0015)
1 2 
2 4 5 6 8 11 13 18 3 10 
1 2 
Edge: 2; (length = 3.991)
1 3 
1 4 6 7 9 11 16 20 31 3 10 30 
3 4 
Edge: 3; (length = 8.67746)
1 6 
1 2 4 6 11 8 9 17 19 33 36 56 10 
1 4 
Edge: 4; (length = 3.81295)
4 1 
1 2 5 6 11 12 22 3 10 
2 11 
Edge: 5; (length = 3.81183)
4 2 
1 4 8 12 13 18 22 
2 6 
Edge: 6; (length = 3.7894)
5 1 
1 2 4 7 11 14 15 26 29 3 10 
3 7 
Edge: 7; (length = 5.34508)
5 3 
2 6 9 14 15 16 20 26 29 31 30 
3 8 
Edge: 8; (length = 6.50552)
6 2 
1 5 9 13 17 18 19 33 36 56 3 
9 1 
Edge: 9; (length = 8.96348)
6 3 
2 7 8 16 17 19 20 31 33 36 56 3 30 
4 10 
Edge: 10; (length = 4.94116)
1 12 
1 2 4 6 11 3 21 22 23 39 
5 11 
Edge: 11; (length = 4.68698)
7 1 
1 2 4 6 14 21 27 40 47 3 10 64 
5 7 
Edge: 12; (length = 4.42223)
8 4 
4 5 13 22 23 24 41 44 25 42 
6 12 
Edge: 13; (length = 7.21217)
8 2 
1 5 8 12 18 23 24 41 44 25 42 
6 18 
Edge: 14; (length = 2.286)
5 7 
6 7 11 15 21 26 27 29 40 47 64 
7 14 
Edge: 15; (length = 6.26623)
9 5 
6 7 14 16 26 28 29 49 51 77 
8 15 
Edge: 16; (length = 5.39071)
9 3 
2 7 9 15 20 28 31 49 51 77 30 
8 27 
Edge: 17; (length = 7.42252)
10 6 
8 9 18 19 32 33 34 36 56 3 25 
9 17 
Edge: 18; (length = 3.92609)
10 2 
1 5 8 13 17 32 34 25 
9 18 
Edge: 19; (length = 8.84023)
11 6 
8 9 17 20 33 35 36 37 56 59 62 3 38 52 58 75 84 85 
10 19 
Edge: 20; (length = 14.4768)
11 3 
2 7 9 16 19 31 35 37 59 62 30 38 52 58 75 84 85 
10 28 
Edge: 21; (length = 4.27265)
12 7 
11 14 22 23 27 39 40 47 10 64 
21 5 
Edge: 22; (length = 1.27016)
12 4 
4 5 12 21 23 39 10 
11 12 
Edge: 23; (length = 3.59832)
8 12 
12 13 21 22 24 39 41 44 10 25 42 
12 35 
Edge: 24; (length = 7.21182)
13 8 
12 13 23 34 41 43 44 57 25 42 54 66 
13 23 
Edge: 25; (length = 5.36622)
8 10 
12 13 23 24 41 44 17 18 32 34 42 
13 18 
Edge: 26; (length = 2.12775)
14 5 
6 7 14 15 27 29 45 46 68 
14 24 
Edge: 27; (length = 2.21327)
14 7 
11 14 21 26 40 45 46 47 68 64 
14 25 
Edge: 28; (length = 5.97478)
15 9 
15 16 29 45 48 49 51 69 77 72 
15 26 
Edge: 29; (length = 2.0502)
15 5 
6 7 14 15 26 28 45 48 69 72 
15 24 
Edge: 30; (length = 8.88686)
3 25 
2 7 9 16 20 31 50 51 76 106 109 52 
16 27 
Edge: 31; (length = 3.56333)
16 3 
2 7 9 16 20 50 30 38 
16 28 
Edge: 32; (length = 7.14362)
17 10 
17 18 33 34 53 55 79 25 54 
17 31 
Edge: 33; (length = 11.2832)
17 6 
8 9 17 19 32 36 53 55 56 79 3 54 
17 30 
Edge: 34; (length = 8.31309)
10 13 
17 18 32 24 43 57 25 54 66 
31 13 
Edge: 35; (length = 8.54538)
18 11 
19 20 36 37 59 60 62 86 38 52 58 75 84 85 
19 69 
Edge: 36; (length = 11.3279)
18 6 
8 9 17 19 33 35 56 60 86 3 
19 33 
Edge: 37; (length = 13.9795)
19 11 
19 20 35 59 61 62 89 107 128 38 52 58 75 84 85 
20 34 
Edge: 38; (length = 13.8314)
11 16 
19 20 35 37 59 62 31 50 52 58 75 84 85 
28 43 
Edge: 39; (length = 4.93335)
20 12 
21 22 23 40 63 90 92 130 10 42 
21 35 
Edge: 40; (length = 5.93313)
20 7 
11 14 21 27 39 47 63 90 92 130 42 64 
21 36 
Edge: 41; (length = 3.16902)
21 8 
12 13 23 24 44 63 65 91 94 132 25 42 
22 37 
Edge: 42; (length = 5.16385)
8 20 
12 13 23 24 41 44 25 39 40 63 90 92 130 
22 35 
Edge: 43; (length = 7.01297)
22 13 
24 34 44 57 65 95 97 54 66 
23 55 
Edge: 44; (length = 2.20236)
22 8 
12 13 23 24 41 43 65 95 97 25 42 
23 37 
Edge: 45; (length = 0.971426)
14 15 
26 27 28 29 46 48 68 69 72 
24 39 
Edge: 46; (length = 2.73092)
23 14 
26 27 45 47 68 70 93 100 71 
25 56 
Edge: 47; (length = 3.83765)
23 7 
11 14 21 27 40 46 70 93 100 64 71 
25 53 
Edge: 48; (length = 6.86683)
24 15 
28 29 45 49 69 73 101 103 72 74 105 
26 41 
Edge: 49; (length = 8.4937)
24 9 
15 16 28 48 51 73 77 101 103 74 105 
26 63 
Edge: 50; (length = 5.45756)
25 16 
31 51 76 106 109 30 38 52 
43 16 
Edge: 51; (length = 6.85883)
25 9 
15 16 28 49 50 76 77 106 109 30 52 
27 44 
Edge: 52; (length = 16.2853)
25 11 
50 51 76 106 109 30 19 20 35 37 59 62 38 58 75 84 85 
43 61 
Edge: 53; (length = 7.73412)
26 17 
32 33 55 57 78 79 112 116 54 67 
29 45 
Edge: 54; (length = 5.11259)
17 13 
32 33 53 55 79 24 34 43 57 66 
29 31 
Edge: 55; (length = 11.2509)
27 17 
32 33 53 56 60 79 80 87 115 124 54 81 
30 65 
Edge: 56; (length = 19.2694)
27 6 
8 9 17 19 33 36 55 60 80 87 115 124 3 81 
30 33 
Edge: 57; (length = 4.53337)
13 26 
24 34 43 53 78 112 116 54 66 67 
47 29 
Edge: 58; (length = 14.1644)
11 37 
19 20 35 37 59 62 38 52 83 118 120 75 84 85 
32 48 
Edge: 59; (length = 10.9963)
28 11 
19 20 35 37 62 83 119 121 38 52 58 75 84 85 
32 49 
Edge: 60; (length = 16.702)
18 27 
35 36 55 56 80 86 87 115 124 81 
33 50 
Edge: 61; (length = 14.5762)
29 19 
37 62 88 89 107 122 126 128 
34 51 
Edge: 62; (length = 14.6315)
29 11 
19 20 35 37 59 61 88 122 126 38 52 58 75 84 85 
34 70 
Edge: 63; (length = 3.61475)
20 21 
39 40 41 65 90 91 92 94 130 132 42 
52 22 
Edge: 64; (length = 8.16755)
7 41 
11 14 21 27 40 47 92 93 
36 53 
Edge: 65; (length = 1.34386)
21 22 
41 63 43 44 91 94 95 97 132 
37 54 
Edge: 66; (length = 8.48924)
13 43 
24 34 43 57 54 96 97 67 82 
55 47 
Edge: 67; (length = 9.12544)
43 26 
96 97 66 53 57 78 112 116 82 
47 67 
Edge: 68; (length = 1.69018)
31 14 
26 27 45 46 69 98 71 
39 56 
Edge: 69; (length = 1.71049)
31 15 
28 29 45 48 68 98 71 72 
39 58 
Edge: 70; (length = 2.40717)
32 23 
46 47 93 98 99 100 101 71 72 
40 57 
Edge: 71; (length = 2.04811)
23 31 
46 47 70 93 100 68 69 98 
40 56 
Edge: 72; (length = 3.8176)
15 32 
28 29 45 48 69 70 98 99 101 
41 58 
Edge: 73; (length = 8.2233)
33 24 
48 49 101 102 103 104 74 105 
42 59 
Edge: 74; (length = 20.5036)
24 46 
48 49 73 101 103 104 110 105 
42 60 
Edge: 75; (length = 18.9352)
47 11 
106 107 19 20 35 37 59 62 38 52 58 84 85 
61 20 
Edge: 76; (length = 6.85533)
34 25 
50 51 77 106 108 109 110 30 52 105 
44 62 
Edge: 77; (length = 10.3715)
34 9 
15 16 28 49 51 76 108 110 105 
44 63 
Edge: 78; (length = 8.66812)
35 26 
53 57 79 111 112 113 116 67 81 
45 64 
Edge: 79; (length = 13.0228)
35 17 
32 33 53 55 78 111 113 54 81 
45 65 
Edge: 80; (length = 10.8643)
36 27 
55 56 60 87 113 114 115 124 81 
46 66 
Edge: 81; (length = 9.32397)
27 35 
55 56 60 80 87 115 124 78 79 111 113 
46 65 
Edge: 82; (length = 11.6664)
51 43 
116 117 96 97 66 67 
67 38 
Edge: 83; (length = 10.4204)
37 28 
59 118 119 120 121 58 
68 32 
Edge: 84; (length = 24.0765)
11 38 
19 20 35 37 59 62 38 52 58 75 86 87 120 123 85 
48 69 
Edge: 85; (length = 19.1162)
11 53 
19 20 35 37 59 62 38 52 58 75 84 121 122 
49 70 
Edge: 86; (length = 16.5098)
38 18 
35 36 60 87 120 123 84 
50 69 
Edge: 87; (length = 3.198)
38 27 
55 56 60 80 86 115 120 123 124 81 84 
50 71 
Edge: 88; (length = 14.2456)
39 29 
61 62 89 122 125 126 127 
51 72 
Edge: 89; (length = 5.46503)
39 19 
37 61 88 107 125 127 128 
51 73 
Edge: 90; (length = 3.47845)
40 20 
39 40 63 91 92 129 130 131 42 
52 74 
Edge: 91; (length = 2.45284)
40 21 
41 63 65 90 94 129 131 132 
52 75 
Edge: 92; (length = 6.68133)
41 20 
39 40 63 90 93 130 42 64 
36 
Edge: 93; (length = 5.2444)
41 23 
46 47 70 92 100 64 71 
53 
Edge: 94; (length = 1.22981)
42 21 
41 63 65 91 95 132 
54 
Edge: 95; (length = 1.38518)
42 22 
43 44 65 94 97 
54 
Edge: 96; (length = 7.59242)
43 30 
97 117 66 67 82 
38 
Edge: 97; (length = 7.21536)
43 22 
43 44 65 95 96 66 67 82 
55 
Edge: 98; (length = 2.14673)
31 32 
68 69 70 99 101 71 72 
58 40 
Edge: 99; (length = 2.98682)
44 32 
70 98 100 101 72 
57 
Edge: 100; (length = 2.79561)
44 23 
46 47 70 93 99 71 
57 
Edge: 101; (length = 3.84594)
24 32 
48 49 73 70 98 99 103 72 74 105 
41 
Edge: 102; (length = 9.0338)
45 33 
73 103 104 
59 
Edge: 103; (length = 11.888)
45 24 
48 49 73 101 102 74 105 
59 
Edge: 104; (length = 14.9172)
46 33 
73 102 110 74 
42 
Edge: 105; (length = 14.5644)
24 34 
48 49 73 101 103 74 76 77 108 110 
60 63 
Edge: 106; (length = 12.0755)
47 25 
50 51 76 107 109 30 52 75 
61 
Edge: 107; (length = 5.09948)
47 19 
37 61 89 106 128 75 
20 
Edge: 108; (length = 6.82483)
48 34 
76 77 109 110 105 
62 
Edge: 109; (length = 8.32967)
48 25 
50 51 76 106 108 30 52 
62 
Edge: 110; (length = 11.9765)
34 46 
76 77 108 104 74 105 
60 
Edge: 111; (length = 8.45582)
49 35 
78 79 112 113 81 
64 
Edge: 112; (length = 13.0065)
49 26 
53 57 78 111 116 67 
64 
Edge: 113; (length = 5.14604)
35 36 
78 79 111 80 114 81 
46 
Edge: 114; (length = 10.4168)
50 36 
80 113 115 
66 
Edge: 115; (length = 12.4728)
50 27 
55 56 60 80 87 114 124 81 
66 
Edge: 116; (length = 2.85)
51 26 
53 57 78 112 117 67 82 
67 
Edge: 117; (length = 4.51971)
51 30 
96 116 82 
38 
Edge: 118; (length = 10.1752)
52 37 
83 119 120 58 
68 
Edge: 119; (length = 18.2613)
52 28 
59 83 118 121 
68 
Edge: 120; (length = 14.2719)
37 38 
83 118 86 87 123 58 84 
48 
Edge: 121; (length = 11.0293)
53 28 
59 83 119 122 85 
49 
Edge: 122; (length = 7.06439)
53 29 
61 62 88 121 126 85 
70 
Edge: 123; (length = 3.05355)
54 38 
86 87 120 124 84 
71 
Edge: 124; (length = 4.23812)
54 27 
55 56 60 80 87 115 123 81 
71 
Edge: 125; (length = 14.0794)
55 39 
88 89 126 127 
72 
Edge: 126; (length = 13.32)
55 29 
61 62 88 122 125 
72 
Edge: 127; (length = 4.97693)
56 39 
88 89 125 128 
73 
Edge: 128; (length = 6.62579)
56 19 
37 61 89 107 127 
73 
Edge: 129; (length = 3.2415)
57 40 
90 91 130 131 
74 
Edge: 130; (length = 3.40672)
57 20 
39 40 63 90 92 129 42 
74 
Edge: 131; (length = 2.20454)
58 40 
90 91 129 132 
75 
Edge: 132; (length = 2.32568)
58 21 
41 63 65 91 94 131 
75 
Face: 1; (positive)
1 2 6 
1 3 8 
2 4 9 
Face: 2; (positive)
1 2 4 
1 4 5 
1 6 11 
Face: 3; (positive)
1 3 5 
2 6 7 
7 8 4 
Face: 4; (positive)
3 6 1 
3 9 2 
1 10 3 
Face: 5; (positive)
1 7 12 
10 11 21 
7 11 21 
Face: 6; (positive)
4 2 8 
5 12 13 
2 12 18 
Face: 7; (positive)
5 7 1 
6 11 14 
3 5 14 
Face: 8; (positive)
5 3 9 
7 15 16 
3 15 27 
Face: 9; (positive)
6 2 10 
8 17 18 
17 18 1 
Face: 10; (positive)
6 3 11 
9 19 20 
4 19 28 
Face: 11; (positive)
4 12 1 
10 22 4 
5 12 2 
Face: 12; (positive)
8 12 4 
12 22 23 
6 11 35 
Face: 13; (positive)
8 13 10 
24 25 34 
18 23 31 
Face: 14; (positive)
5 7 14 
14 26 27 
7 24 25 
Face: 15; (positive)
9 5 15 
15 28 29 
8 24 26 
Face: 16; (positive)
3 16 25 
30 31 50 
27 28 43 
Face: 17; (positive)
10 6 17 
17 32 33 
9 30 31 
Face: 18; (positive)
10 2 8 
18 25 13 
9 13 6 
Face: 19; (positive)
11 6 18 
19 35 36 
10 33 69 
Face: 20; (positive)
11 19 47 
37 75 107 
34 61 
Face: 21; (positive)
12 7 20 
21 39 40 
35 36 5 
Face: 22; (positive)
8 21 20 
41 42 63 
35 37 52 
Face: 23; (positive)
13 8 22 
24 43 44 
13 37 55 
Face: 24; (positive)
14 15 5 
26 29 45 
14 15 39 
Face: 25; (positive)
14 7 23 
27 46 47 
14 53 56 
Face: 26; (positive)
15 9 24 
28 48 49 
15 41 63 
Face: 27; (positive)
9 25 3 
30 51 16 
16 44 8 
Face: 28; (positive)
16 3 11 
31 38 20 
16 10 43 
Face: 29; (positive)
17 26 13 
53 54 57 
31 45 47 
Face: 30; (positive)
17 6 27 
33 55 56 
17 33 65 
Face: 31; (positive)
13 10 17 
34 54 32 
29 13 17 
Face: 32; (positive)
11 28 37 
58 59 83 
48 49 68 
Face: 33; (positive)
18 27 6 
36 56 60 
19 30 50 
Face: 34; (positive)
19 11 29 
37 61 62 
20 51 70 
Face: 35; (positive)
20 12 8 
39 42 23 
21 22 12 
Face: 36; (positive)
20 7 41 
40 64 92 
21 53 
Face: 37; (positive)
21 22 8 
41 44 65 
22 23 54 
Face: 38; (negative)
30 43 51 
96 82 117 
67 
Face: 39; (positive)
14 15 31 
45 68 69 
24 56 58 
Face: 40; (positive)
23 32 31 
70 71 98 
56 57 58 
Face: 41; (positive)
24 15 32 
48 72 101 
26 58 
Face: 42; (positive)
24 33 46 
73 74 104 
59 60 
Face: 43; (positive)
25 16 11 
50 52 38 
16 28 61 
Face: 44; (positive)
25 9 34 
51 76 77 
27 62 63 
Face: 45; (positive)
26 17 35 
53 78 79 
29 64 65 
Face: 46; (positive)
27 36 35 
80 81 113 
65 66 
Face: 47; (positive)
26 13 43 
57 67 66 
29 55 67 
Face: 48; (positive)
37 11 38 
58 84 120 
32 69 
Face: 49; (positive)
28 11 53 
59 85 121 
32 70 
Face: 50; (positive)
18 27 38 
60 86 87 
33 69 71 
Face: 51; (positive)
29 19 39 
61 88 89 
34 72 73 
Face: 52; (positive)
20 21 40 
63 90 91 
74 75 22 
Face: 53; (positive)
23 41 7 
64 93 47 
36 25 
Face: 54; (positive)
21 22 42 
65 94 95 
37 
Face: 55; (positive)
22 43 13 
66 97 43 
23 47 
Face: 56; (positive)
31 14 23 
68 71 46 
39 40 25 
Face: 57; (positive)
32 23 44 
70 99 100 
40 
Face: 58; (positive)
32 31 15 
72 98 69 
41 40 39 
Face: 59; (positive)
33 24 45 
73 102 103 
42 
Face: 60; (positive)
46 24 34 
74 105 110 
42 63 
Face: 61; (positive)
25 47 11 
75 106 52 
20 43 
Face: 62; (positive)
34 25 48 
76 108 109 
44 
Face: 63; (positive)
34 9 24 
77 105 49 
44 60 26 
Face: 64; (positive)
35 26 49 
78 111 112 
45 
Face: 65; (positive)
35 17 27 
79 81 55 
45 46 30 
Face: 66; (positive)
36 27 50 
80 114 115 
46 
Face: 67; (positive)
26 51 43 
82 116 67 
38 47 
Face: 68; (positive)
37 28 52 
83 118 119 
32 
Face: 69; (negative)
38 18 11 
84 86 35 
48 50 19 
Face: 70; (positive)
29 53 11 
85 122 62 
49 34 
Face: 71; (positive)
38 27 54 
87 123 124 
50 
Face: 72; (positive)
39 29 55 
88 125 126 
51 
Face: 73; (positive)
39 19 56 
89 127 128 
51 
Face: 74; (positive)
40 20 57 
90 129 130 
52 
Face: 75; (positive)
40 21 58 
91 131 132 
52 
