1
1         0                       0
2         3.0015                  0
6         6.99408                 5.13625

1
1         0                       0
2         3.0015                  0
4         1.50217                 -3.50458

1
1         0                       0
3         -1.82755                3.54797
5         -3.46186                -1.54113

1
3         -1.82755                3.54797
6         6.99408                 5.13625
1         0                       0

1
1         0                       0
7         -2.82817                -3.73754
12        1.31995                 -4.76159

1
4         1.50217                 -3.50458
2         3.0015                  0
8         4.02029                 -7.13985

1
5         -3.46186                -1.54113
7         -2.82817                -3.73754
1         0                       0

1
5         -3.46186                -1.54113
3         -1.82755                3.54797
9         -7.21776                3.47474

1
6         6.99408                 5.13625
2         3.0015                  0
10        6.22172                 -2.24597

1
6         6.99408                 5.13625
3         -1.82755                3.54797
11        8.31571                 13.8771

1
4         1.50217                 -3.50458
12        1.31995                 -4.76159
1         0                       0

1
8         4.02029                 -7.13985
12        1.31995                 -4.76159
4         1.50217                 -3.50458

1
8         4.02029                 -7.13985
13        10.9689                 -9.07029
10        6.22172                 -2.24597

1
5         -3.46186                -1.54113
7         -2.82817                -3.73754
14        -4.93915                -3.07245

1
9         -7.21776                3.47474
5         -3.46186                -1.54113
15        -5.39777                -2.21611

1
3         -1.82755                3.54797
16        -3.50335                6.69266
25        -7.57732                10.3241

1
10        6.22172                 -2.24597
6         6.99408                 5.13625
17        13.0348                 -4.39369

1
10        6.22172                 -2.24597
2         3.0015                  0
8         4.02029                 -7.13985

1
11        8.31571                 13.8771
6         6.99408                 5.13625
18        16.4746                 11.3364

1
11        8.31571                 13.8771
19        -3.68803                21.0421
47        -8.61566                22.3549

1
12        1.31995                 -4.76159
7         -2.82817                -3.73754
20        -0.683897               -9.26965

1
8         4.02029                 -7.13985
21        2.83876                 -10.0804
20        -0.683897               -9.26965

1
13        10.9689                 -9.07029
8         4.02029                 -7.13985
22        3.96121                 -9.34142

1
14        -4.93915                -3.07245
15        -5.39777                -2.21611
5         -3.46186                -1.54113

1
14        -4.93915                -3.07245
7         -2.82817                -3.73754
23        -6.25473                -5.46561

1
15        -5.39777                -2.21611
9         -7.21776                3.47474
24        -12.1553                -3.43638

1
9         -7.21776                3.47474
25        -7.57732                10.3241
3         -1.82755                3.54797

1
16        -3.50335                6.69266
3         -1.82755                3.54797
11        8.31571                 13.8771

1
17        13.0348                 -4.39369
26        14.4272                 -12.0014
13        10.9689                 -9.07029

1
17        13.0348                 -4.39369
6         6.99408                 5.13625
27        24.2459                 -3.44758

1
13        10.9689                 -9.07029
10        6.22172                 -2.24597
17        13.0348                 -4.39369

1
11        8.31571                 13.8771
28        16.8196                 20.8487
37        22.3581                 12.022

1
18        16.4746                 11.3364
27        24.2459                 -3.44758
6         6.99408                 5.13625

1
19        -3.68803                21.0421
11        8.31571                 13.8771
29        8.83622                 28.4993

1
20        -0.683897               -9.26965
12        1.31995                 -4.76159
8         4.02029                 -7.13985

1
20        -0.683897               -9.26965
7         -2.82817                -3.73754
41        -7.22755                -10.619

1
21        2.83876                 -10.0804
22        3.96121                 -9.34142
8         4.02029                 -7.13985

-1
30        11.5569                 -10.6801
43        6.30691                 -16.1648
51        13.579                  -14.7223

1
14        -4.93915                -3.07245
15        -5.39777                -2.21611
31        -6.58781                -3.44476

1
23        -6.25473                -5.46561
32        -8.45866                -4.49755
31        -6.58781                -3.44476

1
24        -12.1553                -3.43638
15        -5.39777                -2.21611
32        -8.45866                -4.49755

1
24        -12.1553                -3.43638
33        -20.298                 -2.28759
46        -26.3741                11.336

1
25        -7.57732                10.3241
16        -3.50335                6.69266
11        8.31571                 13.8771

1
25        -7.57732                10.3241
9         -7.21776                3.47474
34        -14.4037                10.9534

1
26        14.4272                 -12.0014
17        13.0348                 -4.39369
35        23.0674                 -12.6968

1
27        24.2459                 -3.44758
36        28.135                  -13.5919
35        23.0674                 -12.6968

1
26        14.4272                 -12.0014
13        10.9689                 -9.07029
43        6.30691                 -16.1648

1
37        22.3581                 12.022
11        8.31571                 13.8771
38        26.8108                 -1.53749

1
28        16.8196                 20.8487
11        8.31571                 13.8771
53        15.111                  31.7448

1
18        16.4746                 11.3364
27        24.2459                 -3.44758
38        26.8108                 -1.53749

1
29        8.83622                 28.4993
19        -3.68803                21.0421
39        -5.23595                26.2834

1
20        -0.683897               -9.26965
21        2.83876                 -10.0804
40        1.39175                 -12.0609

1
23        -6.25473                -5.46561
41        -7.22755                -10.619
7         -2.82817                -3.73754

1
21        2.83876                 -10.0804
22        3.96121                 -9.34142
42        3.88635                 -10.7246

1
22        3.96121                 -9.34142
43        6.30691                 -16.1648
13        10.9689                 -9.07029

1
31        -6.58781                -3.44476
14        -4.93915                -3.07245
23        -6.25473                -5.46561

1
32        -8.45866                -4.49755
23        -6.25473                -5.46561
44        -8.20027                -7.47317

1
32        -8.45866                -4.49755
31        -6.58781                -3.44476
15        -5.39777                -2.21611

1
33        -20.298                 -2.28759
24        -12.1553                -3.43638
45        -21.082                 -11.2873

1
9         -7.21776                3.47474
46        -26.3741                11.336
24        -12.1553                -3.43638

1
25        -7.57732                10.3241
47        -8.61566                22.3549
11        8.31571                 13.8771

1
34        -14.4037                10.9534
25        -7.57732                10.3241
48        -12.0416                17.3564

1
34        -14.4037                10.9534
46        -26.3741                11.336
9         -7.21776                3.47474

1
35        23.0674                 -12.6968
26        14.4272                 -12.0014
49        23.6926                 -21.1294

1
35        23.0674                 -12.6968
17        13.0348                 -4.39369
27        24.2459                 -3.44758

1
36        28.135                  -13.5919
27        24.2459                 -3.44758
50        36.2018                 -7.00127

1
26        14.4272                 -12.0014
51        13.579                  -14.7223
43        6.30691                 -16.1648

1
37        22.3581                 12.022
28        16.8196                 20.8487
52        32.5211                 11.5246

-1
38        26.8108                 -1.53749
18        16.4746                 11.3364
11        8.31571                 13.8771

1
29        8.83622                 28.4993
53        15.111                  31.7448
11        8.31571                 13.8771

1
38        26.8108                 -1.53749
27        24.2459                 -3.44758
54        28.4293                 -4.12687

1
39        -5.23595                26.2834
29        8.83622                 28.4993
55        0.703736                39.0485

1
39        -5.23595                26.2834
19        -3.68803                21.0421
56        -9.63701                23.9595

1
40        1.39175                 -12.0609
20        -0.683897               -9.26965
57        -1.82248                -12.4805

1
40        1.39175                 -12.0609
21        2.83876                 -10.0804
58        3.58507                 -12.2831

