facets:=[[8,10,16,20],[9,17,20,21],[4,6,10,21],[11,18,20,22],[19,21,22,23],
[5,10,11,23],[2,6,8,22],[3,8,9,23],[1,6,9,11],[1,2,4,6],[2,3,8,16],
[1,3,9,17],[4,5,10,16],[16,17,18,20],[4,17,19,21],[1,5,11,18],
[2,18,19,22],[3,5,19,23],[12,14,20,24],[15,21,24,25],[7,10,12,25],
[13,22,24,26],[23,25,26,27],[11,12,13,27],[7,8,14,26],[9,14,15,27],
[6,7,13,15],[6,7,8,10],[8,9,14,20],[6,9,15,21],[10,11,12,20],
[20,21,22,24],[10,21,23,25],[6,11,13,22],[8,22,23,26],[9,11,23,27],
[1,7,12,14],[2,14,15,24],[3,7,15,25],[4,12,13,24],[16,24,25,26],
[12,17,25,27],[5,7,13,26],[14,18,26,27],[13,15,19,27],[2,4,16,24],
[3,16,17,25],[1,4,12,17],[5,16,18,26],[17,18,19,27],[4,5,13,19],
[1,2,14,18],[2,3,15,19],[1,3,5,7],[28,2,4,16],[28,6,10,8],
[28,2,6,4],[28,6,4,10],[28,4,10,16],[28,10,16,8],[28,16,8,2],
[28,8,2,6],[29,3,16,17],[29,8,20,9],[29,3,8,16],[29,8,16,20],
[29,16,20,17],[29,20,17,9],[29,17,9,3],[29,9,3,8],[30,1,17,4],
[30,9,21,6],[30,1,9,17],[30,9,17,21],[30,17,21,4],[30,21,4,6],
[30,4,6,1],[30,6,1,9],[31,16,5,18],[31,10,11,20],[31,16,10,5],
[31,10,5,11],[31,5,11,18],[31,11,18,20],[31,18,20,16],[31,20,16,10],
[32,17,18,19],[32,20,22,21],[32,17,20,18],[32,20,18,22],[32,18,22,19],
[32,22,19,21],[32,19,21,17],[32,21,17,20],[33,4,19,5],[33,21,23,10],
[33,4,21,19],[33,21,19,23],[33,19,23,5],[33,23,5,10],[33,5,10,4],
[33,10,4,21],[34,18,1,2],[34,11,6,22],[34,18,11,1],[34,11,1,6],
[34,1,6,2],[34,6,2,22],[34,2,22,18],[34,22,18,11],[35,19,2,3],
[35,22,8,23],[35,19,22,2],[35,22,2,8],[35,2,8,3],[35,8,3,23],
[35,3,23,19],[35,23,19,22],[36,5,3,1],[36,23,9,11],[36,5,23,3],
[36,23,3,9],[36,3,9,1],[36,9,1,11],[36,1,11,5],[36,11,5,23],
[37,8,10,20],[37,7,12,14],[37,8,7,10],[37,7,10,12],[37,10,12,20],
[37,12,20,14],[37,20,14,8],[37,14,8,7],[38,9,20,21],[38,14,24,15],
[38,9,14,20],[38,14,20,24],[38,20,24,21],[38,24,21,15],[38,21,15,9],
[38,15,9,14],[39,6,21,10],[39,15,25,7],[39,6,15,21],[39,15,21,25],
[39,21,25,10],[39,25,10,7],[39,10,7,6],[39,7,6,15],[40,20,11,22],
[40,12,13,24],[40,20,12,11],[40,12,11,13],[40,11,13,22],[40,13,22,24],
[40,22,24,20],[40,24,20,12],[41,21,22,23],[41,24,26,25],[41,21,24,22],
[41,24,22,26],[41,22,26,23],[41,26,23,25],[41,23,25,21],[41,25,21,24],
[42,10,23,11],[42,25,27,12],[42,10,25,23],[42,25,23,27],[42,23,27,11],
[42,27,11,12],[42,11,12,10],[42,12,10,25],[43,22,6,8],[43,13,7,26],
[43,22,13,6],[43,13,6,7],[43,6,7,8],[43,7,8,26],[43,8,26,22],
[43,26,22,13],[44,23,8,9],[44,26,14,27],[44,23,26,8],[44,26,8,14],
[44,8,14,9],[44,14,9,27],[44,9,27,23],[44,27,23,26],[45,11,9,6],
[45,27,15,13],[45,11,27,9],[45,27,9,15],[45,9,15,6],[45,15,6,13],
[45,6,13,11],[45,13,11,27],[46,14,12,24],[46,1,4,2],[46,14,1,12],
[46,1,12,4],[46,12,4,24],[46,4,24,2],[46,24,2,14],[46,2,14,1],
[47,15,24,25],[47,2,16,3],[47,15,2,24],[47,2,24,16],[47,24,16,25],
[47,16,25,3],[47,25,3,15],[47,3,15,2],[48,7,25,12],[48,3,17,1],
[48,7,3,25],[48,3,25,17],[48,25,17,12],[48,17,12,1],[48,12,1,7],
[48,1,7,3],[49,24,13,26],[49,4,5,16],[49,24,4,13],[49,4,13,5],
[49,13,5,26],[49,5,26,16],[49,26,16,24],[49,16,24,4],[50,25,26,27],
[50,16,18,17],[50,25,16,26],[50,16,26,18],[50,26,18,27],[50,18,27,17],
[50,27,17,25],[50,17,25,16],[51,12,27,13],[51,17,19,4],[51,12,17,27],
[51,17,27,19],[51,27,19,13],[51,19,13,4],[51,13,4,12],[51,4,12,17],
[52,26,7,14],[52,5,1,18],[52,26,5,7],[52,5,7,1],[52,7,1,14],
[52,1,14,18],[52,14,18,26],[52,18,26,5],[53,27,14,15],[53,18,2,19],
[53,27,18,14],[53,18,14,2],[53,14,2,15],[53,2,15,19],[53,15,19,27],
[53,19,27,18],[54,13,15,7],[54,19,3,5],[54,13,19,15],[54,19,15,3],
[54,15,3,7],[54,3,7,5],[54,7,5,13],[54,5,13,19]]