facets:=[[1,2,3,4],[1,2,3,5],[1,2,4,6],[1,2,5,6],[1,3,4,7],[1,3,5,7],
  [1,4,6,7],[1,5,6,7],[2,3,4,8],[2,3,5,9],[2,3,8,9],[2,4,6,10],
  [2,4,8,10],[2,5,6,11],[2,5,9,11],[2,6,10,12],[2,6,11,12],[2,7,8,10],
  [2,7,8,13],[2,7,10,12],[2,7,12,14],[2,7,13,14],[2,8,9,13],[2,9,11,14],
  [2,9,13,14],[2,11,12,14],[3,4,7,11],[3,4,8,15],[3,4,11,15],[3,5,7,14],
  [3,5,9,16],[3,5,14,16],[3,6,10,12],[3,6,10,13],[3,6,12,16],[3,6,13,14],
  [3,6,14,16],[3,7,11,13],[3,7,13,14],[3,8,9,12],[3,8,12,15],[3,9,12,16],
  [3,10,11,13],[3,10,11,15],[3,10,12,15],[4,5,10,13],[4,5,10,14],
  [4,5,12,13],[4,5,12,14],[4,6,7,9],[4,6,9,13],[4,6,10,13],[4,7,9,16],
  [4,7,11,16],[4,8,10,14],[4,8,14,15],[4,9,12,13],[4,9,12,16],
  [4,11,12,14],[4,11,12,16],[4,11,14,15],[5,6,7,15],[5,6,8,11],
  [5,6,8,15],[5,7,12,14],[5,7,12,15],[5,8,11,13],[5,8,12,13],[5,8,12,15],
  [5,9,10,11],[5,9,10,16],[5,10,11,13],[5,10,14,16],[6,7,9,15],
  [6,8,11,16],[6,8,14,15],[6,8,14,16],[6,9,13,14],[6,9,14,15],
  [6,11,12,16],[7,8,10,16],[7,8,11,13],[7,8,11,16],[7,9,10,15],
  [7,9,10,16],[7,10,12,15],[8,9,12,13],[8,10,14,16],[9,10,11,15],
  [9,11,14,15]];