facets:=[[1,2,3,4],[1,2,3,5],[1,2,4,6],[1,2,5,6],[1,3,4,7],[1,3,5,8],
  [1,3,7,9],[1,3,8,9],[1,4,6,10],[1,4,7,11],[1,4,10,11],[1,5,6,12],
  [1,5,8,13],[1,5,12,13],[1,6,10,14],[1,6,12,14],[1,7,9,11],[1,8,9,13],
  [1,9,11,15],[1,9,13,15],[1,10,11,14],[1,11,14,15],[1,12,13,14],
  [1,13,14,15],[2,3,4,12],[2,3,5,14],[2,3,10,12],[2,3,10,14],[2,4,6,13],
  [2,4,8,12],[2,4,8,13],[2,5,6,15],[2,5,9,14],[2,5,9,15],[2,6,11,13],
  [2,6,11,15],[2,7,8,10],[2,7,8,11],[2,7,9,10],[2,7,9,11],[2,8,10,12],
  [2,8,11,13],[2,9,10,14],[2,9,11,15],[3,4,7,12],[3,5,8,14],[3,6,7,9],
  [3,6,7,13],[3,6,8,9],[3,6,8,15],[3,6,11,13],[3,6,11,15],[3,7,12,13],
  [3,8,14,15],[3,10,11,12],[3,10,11,14],[3,11,12,13],[3,11,14,15],
  [4,5,7,11],[4,5,7,14],[4,5,9,14],[4,5,9,15],[4,5,10,11],[4,5,10,15],
  [4,6,10,13],[4,7,12,14],[4,8,9,12],[4,8,9,13],[4,9,12,14],[4,9,13,15],
  [4,10,13,15],[5,6,12,15],[5,7,8,11],[5,7,8,14],[5,8,11,13],
  [5,10,11,12],[5,10,12,15],[5,11,12,13],[6,7,9,10],[6,7,10,13],
  [6,8,9,12],[6,8,12,15],[6,9,10,14],[6,9,12,14],[7,8,10,15],[7,8,14,15],
  [7,10,13,15],[7,12,13,14],[7,13,14,15],[8,10,12,15]];