    0.018315    0.018316    0.018316    0.018316    0.018316    0.018316    0.018315    0.018315    0.018315    0.018315    0.018315    0.018314    0.018314    0.018313    0.018313    0.018312    0.018312    0.018311    0.018311    0.018310    0.018309
    0.018316    0.018316    0.018316    0.018316    0.018316    0.018316    0.018316    0.018316    0.018315    0.018315    0.018315    0.018315    0.018314    0.018314    0.018313    0.018313    0.018312    0.018312    0.018311    0.018310    0.018310
    0.018316    0.018316    0.018316    0.018316    0.018316    0.018316    0.018316    0.018316    0.018316    0.018315    0.018315    0.018315    0.018315    0.018314    0.018314    0.018313    0.018313    0.018312    0.018312    0.018311    0.018310
    0.018316    0.018316    0.018316    0.018316    0.018316    0.018316    0.018316    0.018316    0.018316    0.018316    0.018316    0.018315    0.018315    0.018315    0.018314    0.018314    0.018313    0.018313    0.018312    0.018312    0.018311
    0.018315    0.018316    0.018316    0.018316    0.018316    0.018316    0.018316    0.018316    0.018316    0.018316    0.018316    0.018316    0.018315    0.018315    0.018315    0.018314    0.018314    0.018313    0.018313    0.018312    0.018312
    0.018315    0.018316    0.018316    0.018316    0.018316    0.018316    0.018316    0.018316    0.018316    0.018316    0.018316    0.018316    0.018316    0.018315    0.018315    0.018315    0.018314    0.018314    0.018313    0.018313    0.018312
    0.018315    0.018316    0.018316    0.018316    0.018316    0.018316    0.018316    0.018316    0.018316    0.018316    0.018316    0.018316    0.018316    0.018316    0.018315    0.018315    0.018315    0.018314    0.018314    0.018313    0.018313
    0.018315    0.018315    0.018316    0.018316    0.018316    0.018316    0.018316    0.018316    0.018317    0.018316    0.018316    0.018316    0.018316    0.018316    0.018316    0.018315    0.018315    0.018315    0.018314    0.018314    0.018313
    0.018315    0.018315    0.018316    0.018316    0.018316    0.018316    0.018316    0.018316    0.018317    0.018317    0.018317    0.018316    0.018316    0.018316    0.018316    0.018316    0.018315    0.018315    0.018315    0.018314    0.018314
    0.018315    0.018315    0.018315    0.018316    0.018316    0.018316    0.018316    0.018316    0.018317    0.018317    0.018317    0.018317    0.018316    0.018316    0.018316    0.018316    0.018316    0.018315    0.018315    0.018315    0.018314
    0.018314    0.018315    0.018315    0.018316    0.018316    0.018316    0.018316    0.018316    0.018317    0.018317    0.018317    0.018317    0.018317    0.018316    0.018316    0.018316    0.018316    0.018316    0.018315    0.018315    0.018314
    0.018314    0.018315    0.018315    0.018315    0.018316    0.018316    0.018316    0.018316    0.018316    0.018317    0.018317    0.018317    0.018317    0.018317    0.018316    0.018316    0.018316    0.018316    0.018316    0.018315    0.018315
    0.018314    0.018314    0.018315    0.018315    0.018315    0.018316    0.018316    0.018316    0.018316    0.018317    0.018317    0.018317    0.018317    0.018317    0.018317    0.018316    0.018316    0.018316    0.018316    0.018315    0.018315
    0.018313    0.018314    0.018314    0.018315    0.018315    0.018315    0.018316    0.018316    0.018316    0.018316    0.018317    0.018317    0.018317    0.018317    0.018317    0.018317    0.018316    0.018316    0.018316    0.018316    0.018315
    0.018313    0.018313    0.018314    0.018314    0.018315    0.018315    0.018316    0.018316    0.018316    0.018316    0.018316    0.018317    0.018317    0.018317    0.018317    0.018317    0.018316    0.018316    0.018316    0.018316    0.018316
    0.018312    0.018313    0.018313    0.018314    0.018314    0.018315    0.018315    0.018316    0.018316    0.018316    0.018316    0.018316    0.018317    0.018317    0.018317    0.018317    0.018317    0.018316    0.018316    0.018316    0.018316
    0.018312    0.018312    0.018313    0.018314    0.018314    0.018314    0.018315    0.018315    0.018316    0.018316    0.018316    0.018316    0.018316    0.018317    0.018317    0.018317    0.018317    0.018316    0.018316    0.018316    0.018316
    0.018311    0.018312    0.018313    0.018313    0.018314    0.018314    0.018315    0.018315    0.018315    0.018316    0.018316    0.018316    0.018316    0.018316    0.018316    0.018316    0.018316    0.018316    0.018316    0.018316    0.018316
    0.018311    0.018311    0.018312    0.018313    0.018313    0.018314    0.018314    0.018315    0.018315    0.018315    0.018316    0.018316    0.018316    0.018316    0.018316    0.018316    0.018316    0.018316    0.018316    0.018316    0.018316
    0.018310    0.018311    0.018311    0.018312    0.018313    0.018313    0.018314    0.018314    0.018315    0.018315    0.018315    0.018316    0.018316    0.018316    0.018316    0.018316    0.018316    0.018316    0.018316    0.018316    0.018316
    0.018309    0.018310    0.018311    0.018311    0.018312    0.018313    0.018313    0.018314    0.018314    0.018314    0.018315    0.018315    0.018315    0.018316    0.018316    0.018316    0.018316    0.018316    0.018316    0.018316    0.018316
