Vertex: 1
2 3 4 5 6
1 2 3 4 5
1 2 3 4 5
Vertex: 2
1 3 6 7 11
1 6 10 11 20
1 5 6 10 11
Vertex: 3
1 2 4 7 8
2 6 7 12 13
1 2 6 7 12
Vertex: 4
1 3 5 8 9
3 7 8 14 15
2 3 7 8 13
Vertex: 5
1 4 6 9 10
4 8 9 16 17
3 4 8 9 14
Vertex: 6
1 2 5 10 11
5 9 10 18 19
4 5 9 10 15
Vertex: 7
2 3 8 11 12
11 12 21 25 26
6 11 12 16 17
Vertex: 8
3 4 7 9 12
13 14 21 22 27
7 12 13 17 18
Vertex: 9
4 5 8 10 12
15 16 22 23 28
8 13 14 18 19
Vertex: 10
5 6 9 11 12
17 18 23 24 29
9 14 15 19 20
Vertex: 11
2 6 7 10 12
19 20 24 25 30
10 11 15 16 20
Vertex: 12
7 8 9 10 11
26 27 28 29 30
16 17 18 19 20
Edge: 1
1 2
2 3 4 5 6 10 11 20
1 5
Edge: 2
1 3
1 3 4 5 6 7 12 13
1 2
Edge: 3
1 4
1 2 4 5 7 8 14 15
2 3
Edge: 4
1 5
1 2 3 5 8 9 16 17
3 4
Edge: 5
1 6
1 2 3 4 9 10 18 19
4 5
Edge: 6
2 3
1 2 7 10 11 12 13 20
1 6
Edge: 7
3 4
2 3 6 8 12 13 14 15
2 7
Edge: 8
4 5
3 4 7 9 14 15 16 17
3 8
Edge: 9
5 6
4 5 8 10 16 17 18 19
4 9
Edge: 10
2 6
1 5 6 9 11 18 19 20
5 10
Edge: 11
2 7
1 6 10 12 20 21 25 26
6 11
Edge: 12
3 7
2 6 7 11 13 21 25 26
6 12
Edge: 13
3 8
2 6 7 12 14 21 22 27
7 12
Edge: 14
4 8
3 7 8 13 15 21 22 27
7 13
Edge: 15
4 9
3 7 8 14 16 22 23 28
8 13
Edge: 16
5 9
4 8 9 15 17 22 23 28
8 14
Edge: 17
5 10
4 8 9 16 18 23 24 29
9 14
Edge: 18
6 10
5 9 10 17 19 23 24 29
9 15
Edge: 19
6 11
5 9 10 18 20 24 25 30
10 15
Edge: 20
2 11
1 6 10 11 19 24 25 30
10 11
Edge: 21
7 8
11 12 13 14 22 25 26 27
12 17
Edge: 22
8 9
13 14 15 16 21 23 27 28
13 18
Edge: 23
9 10 
15 16 17 18 22 24 28 29
14 19
Edge: 24
10 11
17 18 19 20 23 24 25 30
15 20
Edge: 25
7 11
11 12 19 20 21 24 26 30
11 16
Edge: 26
7 12
11 12 21 25 27 28 29 30
16 17
Edge: 27
8 12
13 14 21 22 26 28 29 30
17 18
Edge: 28
9 12
15 16 22 23 26 27 29 30
18 19
Edge: 29
10 12
17 18 23 24 26 27 28 30
19 20
Edge: 30
11 12
19 20 24 25 26 27 28 29
16 20
Face: 1
1 2 3
1 2 6
2 5 6
Face: 2
1 3 4
2 3 7
1 3 7
Face: 3
1 4 5
3 4 8
2 4 8
Face: 4
1 5 6
4 5 9
3 5 9
Face: 5
1 2 6
1 5 10
1 4 10
Face: 6
2 3 7
6 11 12
1 11 12
Face: 7
3 4 8
7 13 14
2 12 13
Face: 8
4 5 9
8 15 16
3 13 14
Face: 9
5 6 10
9 17 18
4 14 15
Face: 10
2 6 11
10 19 20
5 11 15
Face: 11
2 7 11
11 20 25
6 10 16
Face: 12
3 7 8
12 13 21
6 7 17
Face: 13
4 8 9
14 15 22
7 8 18
Face: 14
5 9 10
16 17 23
8 9 19
Face: 15
6 10 11
18 19 24
9 10 20
Face: 16
7 11 12
25 26 30
11 17 20
Face: 17
7 8 12
21 26 27
12 16 18
Face: 18
8 9 12
22 27 28
13 17 19
Face: 19
9 10 12
23 28 29
14 18 20
Face: 20
10 11 12
24 29 30
15 16 19