Vertex: 1
2 3 4 5 7 8
1 2 7 8 19 20 
1 3 7 12 16 18 
Vertex: 2
1 3 4 6 7 9
1 3 4 5 22 23 
1 2 8 10 16 17 
Vertex: 4
1 2 5 6 8 9
2 3 10 11 16 17 
1 4 6 10 12 15 
Vertex: 3
1 2 5 6 8 9
4 6 7 9 25 26 
2 3 9 11 17 18 
Vertex: 6
2 3 4 5 7 8
5 6 11 12 13 14 
2 4 5 10 11 13 
Vertex: 8
1 3 4 6 7 9
8 9 14 15 16 18 
3 5 6 11 12 14 
Vertex: 5
1 3 4 6 7 9
10 12 19 21 25 27 
4 7 9 13 15 18 
Vertex: 7
1 2 5 6 8 9
13 15 20 21 22 24 
5 7 8 13 14 16 
Vertex: 9
2 3 4 5 7 8
17 18 23 24 26 27 
6 8 9 14 15 17 
Edge: 1
1 2
2 3 4 5 7 8 19 20 22 23 
1 16 
Edge: 2
1 4
1 3 7 8 10 11 16 17 19 20 
1 12 
Edge: 3
2 4
1 2 4 5 10 11 16 17 22 23 
1 10 
Edge: 4
2 3
1 3 5 6 7 9 22 23 25 26 
2 17 
Edge: 5
2 6
1 3 4 6 11 12 13 14 22 23 
2 10 
Edge: 6
3 6
4 5 7 9 11 12 13 14 25 26 
2 11 
Edge: 7
1 3
1 2 4 6 8 9 19 20 25 26 
3 18 
Edge: 8
1 8
1 2 7 9 14 15 16 18 19 20 
3 12 
Edge: 9
3 8
4 6 7 8 14 15 16 18 25 26 
3 11 
Edge: 10
4 5
2 3 11 12 16 17 19 21 25 27 
4 15 
Edge: 11
4 6
2 3 5 6 10 12 13 14 16 17 
4 10 
Edge: 12
5 6
5 6 10 11 13 14 19 21 25 27 
4 13 
Edge: 13
6 7
5 6 11 12 14 15 20 21 22 24 
5 13 
Edge: 14
6 8
5 6 8 9 11 12 13 15 16 18 
5 11 
Edge: 15
7 8
8 9 13 14 16 18 20 21 22 24 
5 14 
Edge: 16
4 8
2 3 8 9 10 11 14 15 17 18 
6 12 
Edge: 17
4 9
2 3 10 11 16 18 23 24 26 27 
6 15 
Edge: 18
8 9
8 9 14 15 16 17 23 24 26 27 
6 14 
Edge: 19
1 5
1 2 7 8 10 12 20 21 25 27 
7 18 
Edge: 20
1 7
1 2 7 8 13 15 19 21 22 24 
7 16 
Edge: 21
5 7
10 12 13 15 19 20 22 24 25 27 
7 13 
Edge: 22
2 7
1 3 4 5 13 15 20 21 23 24 
8 16 
Edge: 23
2 9
1 3 4 5 17 18 22 24 26 27 
8 17 
Edge: 24
7 9
13 15 17 18 20 21 22 23 26 27 
8 14 
Edge: 25
3 5
4 6 7 9 10 12 19 21 26 27 
9 18 
Edge: 26
3 9
4 6 7 9 17 18 23 24 25 27 
9 17 
Edge: 27
5 9
10 12 17 18 19 21 23 24 25 26 
9 15 
Face: 1
1 2 4 
1 2 3 
10 12 16 
Face: 2
2 3 6 
4 5 6 
10 11 17 
Face: 3
1 3 8 
7 8 9 
11 12 18 
Face: 4
4 5 6 
10 11 12 
10 13 15 
Face: 5
6 7 8 
13 14 15 
11 13 14 
Face: 6
4 8 9 
16 17 18 
12 14 15 
Face: 7
1 5 7 
19 20 21 
13 16 18 
Face: 8
2 7 9 
22 23 24 
14 16 17 
Face: 9
3 5 9 
25 26 27 
15 17 18 
Face: 10
2 4 6 
3 5 11 
1 2 4 
Face: 11
3 6 8 
6 9 14 
2 3 5 
Face: 12
1 4 8 
2 8 16 
1 3 6 
Face: 13
5 6 7 
12 13 21 
4 5 7 
Face: 14
7 8 9 
15 18 24 
5 6 8 
Face: 15
4 5 9 
10 17 27 
4 6 9 
Face: 16
1 2 7 
1 20 22 
1 7 8 
Face: 17
2 3 9 
4 23 26 
2 8 9 
Face: 18
1 3 5 
7 19 25 
3 7 9 
