Vertex: 1
2 3 4 5 6 7 
1 2 3 7 10 13 
1 2 3 5 6 8 9 11 12 14 16 18 
1 2 3 4 5 6 7 8 
Vertex: 2
1 3 4 5 6 7 
1 4 5 8 11 14 
1 2 4 5 7 8 10 11 13 15 21 23 
1 2 3 4 5 9 10 11 
Vertex: 3
1 2 4 5 6 7 
2 4 6 9 19 20 
1 3 4 6 7 17 21 22 23 24 25 26 
1 2 6 9 10 11 12 13 
Vertex: 4
1 2 3 5 6 
3 5 6 12 17 
2 3 4 9 10 16 17 19 22 
1 3 6 7 9 12 
Vertex: 5
1 2 3 4 6 7 
7 8 9 15 17 18 
5 6 7 12 13 16 17 18 19 20 24 26 
2 4 6 7 8 10 12 13 
Vertex: 6
1 2 3 4 5 7 
10 11 12 16 18 19 
8 9 10 14 15 18 19 20 21 22 25 26 
3 5 7 8 9 11 12 13 
Vertex: 7
1 2 3 5 6 
13 14 15 16 20 
11 12 13 14 15 20 23 24 25 
4 5 8 10 11 13 
Edge: 1
1 2
2 3 4 5 7 8 10 11 13 14 
1 2 5 8 11 
1 2 3 4 5 
Edge: 2
1 3
1 3 4 6 7 9 10 13 19 20 
1 3 6 
1 2 6 
Edge: 3
1 4
1 2 5 6 7 10 12 13 17 
2 3 9 16 
1 3 6 7 
Edge: 4
2 3
1 2 5 6 8 9 11 14 19 20 
1 4 7 21 23 
1 2 9 10 11 
Edge: 5
2 4
1 3 4 6 8 11 12 14 17 
2 4 10 
1 3 9 
Edge: 6
3 4
2 3 4 5 9 12 17 19 20 
3 4 17 22 
1 6 9 12 
Edge: 7
1 5
1 2 3 8 9 10 13 15 17 18 
5 6 12 16 18 
2 4 6 7 8 
Edge: 8
2 5
1 4 5 7 9 11 14 15 17 18 
5 7 13 
2 4 10 
Edge: 9
3 5
2 4 6 7 8 15 17 18 19 20 
6 7 17 24 26 
2 6 10 12 13 
Edge: 10
1 6
1 2 3 7 11 12 13 16 18 19 
8 9 14 18 
3 5 7 8 
Edge: 11
2 6
1 4 5 8 10 12 14 16 18 19 
8 10 15 21 
3 5 9 11 
Edge: 12
4 6
3 5 6 10 11 16 17 18 19 
9 10 19 22 
3 7 9 12 
Edge: 13
1 7
1 2 3 7 10 14 15 16 20 
11 12 14 
4 5 8 
Edge: 14
2 7
1 4 5 8 11 13 15 16 20 
11 13 15 23 
4 5 10 11 
Edge: 15
5 7
7 8 9 13 14 16 17 18 20 
12 13 20 24 
4 8 10 13 
Edge: 16
6 7
10 11 12 13 14 15 18 19 20 
14 15 20 25 
5 8 11 13 
Edge: 17
4 5
3 5 6 7 8 9 12 15 18 
16 17 19 
6 7 12 
Edge: 18
5 6
7 8 9 10 11 12 15 16 17 19 
18 19 20 26 
7 8 12 13 
Edge: 19
3 6
2 4 6 9 10 11 12 16 18 20 
21 22 25 26 
9 11 12 13 
Edge: 20
3 7
2 4 6 9 13 14 15 16 19 
23 24 25 
10 11 13 
Face: 1
1 2 3
1 2 4 
2 3 4 5 6 7 8 11 21 23 
1 2 
Face: 2
1 2 4
1 3 5 
1 3 4 5 8 9 10 11 16 
1 3 
Face: 3
1 3 4
2 3 6 
1 2 4 6 9 16 17 22 
1 6 
Face: 4
2 3 4
4 5 6 
1 2 3 7 10 17 21 22 23 
1 9 
Face: 5
1 2 5
1 7 8 
1 2 6 7 8 11 12 13 16 18 
2 4 
Face: 6
1 3 5
2 7 9 
1 3 5 7 12 16 17 18 24 26 
2 6 
Face: 7
2 3 5
4 8 9 
1 4 5 6 13 17 21 23 24 26 
2 10 
Face: 8
1 2 6
1 10 11 
1 2 5 9 10 11 14 15 18 21 
3 5 
Face: 9
1 4 6
3 10 12 
2 3 8 10 14 16 18 19 22 
3 7 
Face: 10
2 4 6
5 11 12 
2 4 8 9 15 19 21 22 
3 9 
Face: 11
1 2 7
1 13 14 
1 2 5 8 12 13 14 15 23 
4 5 
Face: 12
1 5 7
7 13 15 
5 6 11 13 14 16 18 20 24 
4 8 
Face: 13
2 5 7
8 14 15 
5 7 11 12 15 20 23 24 
4 10 
Face: 14
1 6 7
10 13 16 
8 9 11 12 15 18 20 25 
5 8 
Face: 15
2 6 7
11 14 16 
8 10 11 13 14 20 21 23 25 
5 11 
Face: 16
1 4 5
3 7 17 
2 3 5 6 9 12 17 18 19 
6 7 
Face: 17
3 4 5
6 9 17 
3 4 6 7 16 19 22 24 26 
6 12 
Face: 18
1 5 6
7 10 18 
5 6 8 9 12 14 16 19 20 26 
7 8 
Face: 19
4 5 6
12 17 18 
9 10 16 17 18 20 22 26 
7 12 
Face: 20
5 6 7
15 16 18 
12 13 14 15 18 19 24 25 26 
8 13 
Face: 21
2 3 6
4 11 19 
1 4 7 8 10 15 22 23 25 26 
9 11 
Face: 22
3 4 6
6 12 19 
3 4 9 10 17 19 21 25 26 
9 12 
Face: 23
2 3 7
4 14 20 
1 4 7 11 13 15 21 24 25 
10 11 
Face: 24
3 5 7
9 15 20 
6 7 12 13 17 20 23 25 26 
10 13 
Face: 25
3 6 7
16 19 20 
14 15 20 21 22 23 24 26 
11 13 
Face: 26
3 5 6
9 18 19 
6 7 17 18 19 20 21 22 24 25 
12 13 
Tetra: 1
1 2 3 4 
1 2 3 4 5 6 
1 2 3 4 
2 3 6 9 
Tetra: 2
1 2 3 5 
1 2 4 7 8 9 
1 5 6 7 
1 4 6 10 
Tetra: 3
1 2 4 6 
1 3 5 10 11 12 
2 8 9 10 
1 5 7 9 
Tetra: 4
1 2 5 7 
1 7 8 13 14 15 
5 11 12 13 
2 5 8 10 
Tetra: 5
1 2 6 7 
1 10 11 13 14 16 
8 11 14 15 
3 4 8 11 
Tetra: 6
1 3 4 5 
2 3 6 7 9 17 
3 6 16 17 
1 2 7 12 
Tetra: 7
1 4 5 6 
3 7 10 12 17 18 
9 16 18 19 
3 6 8 12 
Tetra: 8
1 5 6 7 
7 10 13 15 16 18 
12 14 18 20 
4 5 7 13 
Tetra: 9
2 3 4 6 
4 5 6 11 12 19 
4 10 21 22 
1 3 11 12 
Tetra: 10
2 3 5 7 
4 8 9 14 15 20 
7 13 23 24 
2 4 11 13 
Tetra: 11
2 3 6 7 
4 11 14 16 19 20 
15 21 23 25 
5 9 10 13 
Tetra: 12
3 4 5 6 
6 9 12 17 18 19 
17 19 22 26 
6 7 9 13 
Tetra: 13
3 5 6 7 
9 15 16 18 19 20 
20 24 25 26 
8 10 11 12 
