Vertex: 1
2 3 4
1 2 5 6 10 11
1 2 3 6 7 8
Vertex: 2
1 3 4
1 2 7 8 9 12
1 2 4 5 7 8
Vertex: 3
1 2 4
3 4 5 6 9 12
1 3 4 5 6 8
Vertex: 4
1 2 3
3 4 7 8 10 11
2 3 4 5 6 7
Edge: 1
1 2
2 5 6 7 8 9 10 11 12
1 7
Edge: 2
1 2
1 5 6 7 8 9 10 11 12
2 8
Edge: 3
3 4
4 5 6 7 8 9 10 11 12
3 5
Edge: 4
3 4
3 5 6 7 8 9 10 11 12
4 6
Edge: 5
1 3
1 2 3 4 6 9 10 11 12
1 6
Edge: 6
1 3
1 2 3 4 5 9 10 11 12
3 8
Edge: 7
2 4
1 2 3 4 8 9 10 11 12
2 5
Edge: 8
2 4
1 2 3 4 7 9 10 11 12
4 7
Edge: 9
2 3
1 2 3 4 5 6 7 8 12
1 5
Edge: 10
1 4
1 2 3 4 5 6 7 8 11
2 6
Edge: 11
1 4
1 2 3 4 5 6 7 8 10
3 7
Edge: 12
2 3
1 2 3 4 5 6 7 8 9
4 8
Face: 1
1 2 3
1 5 9
5 6 7
Face: 2
1 2 4
2 7 10
5 6 8
Face: 3
1 3 4
3 6 11
5 7 8
Face: 4
2 3 4
4 8 12
6 7 8
Face: 5
2 3 4
3 7 9
1 2 3
Face: 6
1 3 4
4 5 10
1 2 4
Face: 7
1 2 4
1 8 11
1 3 4
Face: 8
1 2 3
2 6 11
2 3 4