Vertex: 1
2 3 4 5 6 7 8 9 10 11 12 
1 2 3 7 17 18 26 27 34 40 46 
1 2 3 5 6 16 17 18 22 29 30 31 35 41 42 44 51 52 60 61 62 
1 2 6 8 11 13 16 17 21 25 26 27 
Vertex: 2
1 3 4 5 6 7 8 9 10 11 12 
10 11 12 13 17 19 30 32 35 43 50 
8 9 10 11 12 16 17 19 20 33 34 37 38 41 43 46 54 55 57 66 67 
3 4 6 7 12 14 16 18 22 23 26 29 
Vertex: 3
1 2 4 5 6 7 8 9 10 11 12 
13 14 15 16 21 23 26 28 39 41 47 
11 12 13 14 15 20 21 24 25 29 30 32 33 48 49 50 51 53 59 61 63 64 
4 5 7 9 11 12 19 20 21 24 27 28 
Vertex: 4
1 2 3 5 6 7 8 9 10 11 12 
7 8 9 10 23 24 25 31 37 44 51 
5 6 7 8 9 24 25 26 27 28 35 36 40 44 45 48 54 56 59 66 68 69 
2 3 9 10 13 15 17 19 22 24 29 30 
Vertex: 5
1 2 3 4 6 7 8 9 10 11 12 
1 4 5 16 22 25 32 33 38 45 49 
1 2 4 14 15 22 23 27 28 37 38 39 40 46 47 50 57 58 60 64 65 69 
1 5 8 10 14 15 18 20 23 25 28 30 
Vertex: 6
1 2 3 4 5 7 8 9 10 11 12 
2 4 6 8 11 14 20 29 36 42 48 
1 3 4 5 7 8 10 11 13 14 16 18 19 21 23 24 26 27 29 31 32 34 36 37 39 42 43 45 47 49 52 53 55 56 58 62 63 65 67 68 
1 2 3 4 5 6 7 8 9 10 11 12 13 14 15 16 17 18 19 20 21 22 23 24 25 26 27 28 29 30 
Vertex: 7
1 2 3 4 5 6 
3 5 6 9 12 15 
2 3 4 6 7 9 10 12 13 15 
1 2 3 4 5 
Vertex: 8
1 2 3 4 5 6 
18 19 20 21 22 24 
17 18 19 20 21 22 23 25 26 28 
6 7 8 9 10 
Vertex: 9
1 2 3 4 5 6 
27 28 29 30 31 33 
30 31 32 33 34 35 36 38 39 40 
11 12 13 14 15 
Vertex: 10
1 2 3 4 5 6 
34 35 36 37 38 39 
41 42 43 44 45 46 47 48 49 50 
16 17 18 19 20 26 
Vertex: 11
1 2 3 4 5 6 
40 41 42 43 44 45 
51 52 53 54 55 56 57 58 59 60 
21 22 23 24 25 
Vertex: 12
1 2 3 4 5 6 
46 47 48 49 50 51 
61 62 63 64 65 66 67 68 69 
27 28 29 30 
Edge: 1
1 5 
2 3 4 5 7 16 17 18 22 25 26 27 32 33 34 38 40 45 46 49 
1 2 22 60 
1 8 25 
Edge: 2
1 6 
1 3 4 6 7 8 11 14 17 18 20 26 27 29 34 36 40 42 46 48 
1 3 5 16 18 29 31 42 52 62 
1 2 6 8 11 13 16 17 21 25 26 27 
Edge: 3
1 7 
1 2 5 6 7 9 12 15 17 18 26 27 34 40 46 
2 3 6 
1 2 
Edge: 4
5 6 
1 2 5 6 8 11 14 16 20 22 25 29 32 33 36 38 42 45 48 49 
1 4 14 23 27 37 39 47 58 65 
1 5 8 10 14 15 18 20 23 25 28 30 
Edge: 5
5 7 
1 3 4 6 9 12 15 16 22 25 32 33 38 45 49 
2 4 15 
1 5 
Edge: 6
6 7 
2 3 4 5 8 9 11 12 14 15 20 29 36 42 48 
3 4 7 10 13 
1 2 3 4 5 
Edge: 7
1 4 
1 2 3 8 9 10 17 18 23 24 25 26 27 31 34 37 40 44 46 51 
5 6 35 44 
2 13 17 
Edge: 8
4 6 
2 4 6 7 9 10 11 14 20 23 24 25 29 31 36 37 42 44 48 51 
5 7 8 24 26 27 36 45 56 68 
2 3 9 10 13 15 17 19 22 24 29 30 
Edge: 9
4 7 
3 5 6 7 8 10 12 15 23 24 25 31 37 44 51 
6 7 9 
2 3 
Edge: 10
2 4 
7 8 9 11 12 13 17 19 23 24 25 30 31 32 35 37 43 44 50 51 
8 9 54 66 
3 22 29 
Edge: 11
2 6 
2 4 6 8 10 12 13 14 17 19 20 29 30 32 35 36 42 43 48 50 
8 10 11 16 19 34 37 43 55 67 
3 4 6 7 12 14 16 18 22 23 26 29 
Edge: 12
2 7 
3 5 6 9 10 11 13 15 17 19 30 32 35 43 50 
9 10 12 
3 4 
Edge: 13
2 3 
10 11 12 14 15 16 17 19 21 23 26 28 30 32 35 39 41 43 47 50 
11 12 20 33 
4 7 12 
Edge: 14
3 6 
2 4 6 8 11 13 15 16 20 21 23 26 28 29 36 39 41 42 47 48 
11 13 14 21 24 29 32 49 53 63 
4 5 7 9 11 12 19 20 21 24 27 28 
Edge: 15
3 7 
3 5 6 9 12 13 14 16 21 23 26 28 39 41 47 
12 13 15 
4 5 
Edge: 16
3 5 
1 4 5 13 14 15 21 22 23 25 26 28 32 33 38 39 41 45 47 49 
14 15 50 64 
5 20 28 
Edge: 17
1 2 
1 2 3 7 10 11 12 13 18 19 26 27 30 32 34 35 40 43 46 50 
16 17 41 
6 16 26 
Edge: 18
1 8 
1 2 3 7 17 19 20 21 22 24 26 27 34 40 46 
17 18 22 
6 8 
Edge: 19
2 8 
10 11 12 13 17 18 20 21 22 24 30 32 35 43 50 
17 19 20 
6 7 
Edge: 20
6 8 
2 4 6 8 11 14 18 19 21 22 24 29 36 42 48 
18 19 21 23 26 
6 7 8 9 10 
Edge: 21
3 8 
13 14 15 16 18 19 20 22 23 24 26 28 39 41 47 
20 21 25 
7 9 
Edge: 22
5 8 
1 4 5 16 18 19 20 21 24 25 32 33 38 45 49 
22 23 28 
8 10 
Edge: 23
3 4 
7 8 9 10 13 14 15 16 21 24 25 26 28 31 37 39 41 44 47 51 
24 25 48 59 
9 19 24 
Edge: 24
4 8 
7 8 9 10 18 19 20 21 22 23 25 31 37 44 51 
25 26 28 
9 10 
Edge: 25
4 5 
1 4 5 7 8 9 10 16 22 23 24 31 32 33 37 38 44 45 49 51 
27 28 40 69 
10 15 30 
Edge: 26
1 3 
1 2 3 7 13 14 15 16 17 18 21 23 27 28 34 39 40 41 46 47 
29 30 51 61 
11 21 27 
Edge: 27
1 9 
1 2 3 7 17 18 26 28 29 30 31 33 34 40 46 
30 31 35 
11 13 
Edge: 28
3 9 
13 14 15 16 21 23 26 27 29 30 31 33 39 41 47 
30 32 33 
11 12 
Edge: 29
6 9 
2 4 6 8 11 14 20 27 28 30 31 33 36 42 48 
31 32 34 36 39 
11 12 13 14 15 
Edge: 30
2 9 
10 11 12 13 17 19 27 28 29 31 32 33 35 43 50 
33 34 38 
12 14 
Edge: 31
4 9 
7 8 9 10 23 24 25 27 28 29 30 33 37 44 51 
35 36 40 
13 15 
Edge: 32
2 5 
1 4 5 10 11 12 13 16 17 19 22 25 30 33 35 38 43 45 49 50 
37 38 46 57 
14 18 23 
Edge: 33
5 9 
1 4 5 16 22 25 27 28 29 30 31 32 38 45 49 
38 39 40 
14 15 
Edge: 34
1 10 
1 2 3 7 17 18 26 27 35 36 37 38 39 40 46 
41 42 44 
16 17 26 
Edge: 35
2 10 
10 11 12 13 17 19 30 32 34 36 37 38 39 43 50 
41 43 46 
16 18 26 
Edge: 36
6 10 
2 4 6 8 11 14 20 29 34 35 37 38 39 42 48 
42 43 45 47 49 
16 17 18 19 20 26 
Edge: 37
4 10 
7 8 9 10 23 24 25 31 34 35 36 38 39 44 51 
44 45 48 
17 19 
Edge: 38
5 10 
1 4 5 16 22 25 32 33 34 35 36 37 39 45 49 
46 47 50 
18 20 
Edge: 39
3 10 
13 14 15 16 21 23 26 28 34 35 36 37 38 41 47 
48 49 50 
19 20 
Edge: 40
1 11 
1 2 3 7 17 18 26 27 34 41 42 43 44 45 46 
51 52 60 
21 25 
Edge: 41
3 11 
13 14 15 16 21 23 26 28 39 40 42 43 44 45 47 
51 53 59 
21 24 
Edge: 42
6 11 
2 4 6 8 11 14 20 29 36 40 41 43 44 45 48 
52 53 55 56 58 
21 22 23 24 25 
Edge: 43
2 11 
10 11 12 13 17 19 30 32 35 40 41 42 44 45 50 
54 55 57 
22 23 
Edge: 44
4 11 
7 8 9 10 23 24 25 31 37 40 41 42 43 45 51 
54 56 59 
22 24 
Edge: 45
5 11 
1 4 5 16 22 25 32 33 38 40 41 42 43 44 49 
57 58 60 
23 25 
Edge: 46
1 12 
1 2 3 7 17 18 26 27 34 40 47 48 49 50 51 
61 62 
27 
Edge: 47
3 12 
13 14 15 16 21 23 26 28 39 41 46 48 49 50 51 
61 63 64 
27 28 
Edge: 48
6 12 
2 4 6 8 11 14 20 29 36 42 46 47 49 50 51 
62 63 65 67 68 
27 28 29 30 
Edge: 49
5 12 
1 4 5 16 22 25 32 33 38 45 46 47 48 50 51 
64 65 69 
28 30 
Edge: 50
2 12 
10 11 12 13 17 19 30 32 35 43 46 47 48 49 51 
66 67 
29 
Edge: 51
4 12 
7 8 9 10 23 24 25 31 37 44 46 47 48 49 50 
66 68 69 
29 30 
Face: 1
1 5 6 
1 2 4 
2 3 4 5 14 16 18 22 23 27 29 31 37 39 42 47 52 58 60 62 65 
1 8 25 
Face: 2
1 5 7 
1 3 5 
1 3 4 6 15 22 60 
1 31 
Face: 3
1 6 7 
2 3 6 
1 2 4 5 6 7 10 13 16 18 29 31 42 52 62 
1 2 
Face: 4
5 6 7 
4 5 6 
1 2 3 7 10 13 14 15 23 27 37 39 47 58 65 
1 5 
Face: 5
1 4 6 
2 7 8 
1 3 6 7 8 16 18 24 26 27 29 31 35 36 42 44 45 52 56 62 68 
2 13 17 
Face: 6
1 4 7 
3 7 9 
2 3 5 7 9 35 44 
2 32 
Face: 7
4 6 7 
6 8 9 
3 4 5 6 8 9 10 13 24 26 27 36 45 56 68 
2 3 
Face: 8
2 4 6 
8 10 11 
5 7 9 10 11 16 19 24 26 27 34 36 37 43 45 54 55 56 66 67 68 
3 22 29 
Face: 9
2 4 7 
9 10 12 
6 7 8 10 12 54 66 
3 33 
Face: 10
2 6 7 
6 11 12 
3 4 7 8 9 11 12 13 16 19 34 37 43 55 67 
3 4 
Face: 11
2 3 6 
11 13 14 
8 10 12 13 14 16 19 20 21 24 29 32 33 34 37 43 49 53 55 63 67 
4 7 12 
Face: 12
2 3 7 
12 13 15 
9 10 11 13 15 20 33 
4 34 
Face: 13
3 6 7 
6 14 15 
3 4 7 10 11 12 14 15 21 24 29 32 49 53 63 
4 5 
Face: 14
3 5 6 
4 14 16 
1 4 11 13 15 21 23 24 27 29 32 37 39 47 49 50 53 58 63 64 65 
5 20 28 
Face: 15
3 5 7 
5 15 16 
2 4 12 13 14 50 64 
5 35 
Face: 16
1 2 6 
2 11 17 
1 3 5 8 10 11 17 18 19 29 31 34 37 41 42 43 52 55 62 67 
6 16 26 
Face: 17
1 2 8 
17 18 19 
16 18 19 20 22 41 
6 36 
Face: 18
1 6 8 
2 18 20 
1 3 5 16 17 19 21 22 23 26 29 31 42 52 62 
6 8 
Face: 19
2 6 8 
11 19 20 
8 10 11 16 17 18 20 21 23 26 34 37 43 55 67 
6 7 
Face: 20
2 3 8 
13 19 21 
11 12 17 19 21 25 33 
7 37 
Face: 21
3 6 8 
14 20 21 
11 13 14 18 19 20 23 24 25 26 29 32 49 53 63 
7 9 
Face: 22
1 5 8 
1 18 22 
1 2 17 18 23 28 60 
8 38 
Face: 23
5 6 8 
4 20 22 
1 4 14 18 19 21 22 26 27 28 37 39 47 58 65 
8 10 
Face: 24
3 4 6 
8 14 23 
5 7 8 11 13 14 21 25 26 27 29 32 36 45 48 49 53 56 59 63 68 
9 19 24 
Face: 25
3 4 8 
21 23 24 
20 21 24 26 28 48 59 
9 39 
Face: 26
4 6 8 
8 20 24 
5 7 8 18 19 21 23 24 25 27 28 36 45 56 68 
9 10 
Face: 27
4 5 6 
4 8 25 
1 4 5 7 8 14 23 24 26 28 36 37 39 40 45 47 56 58 65 68 69 
10 15 30 
Face: 28
4 5 8 
22 24 25 
22 23 25 26 27 40 69 
10 40 
Face: 29
1 3 6 
2 14 26 
1 3 5 11 13 14 16 18 21 24 30 31 32 42 49 51 52 53 61 62 63 
11 21 27 
Face: 30
1 3 9 
26 27 28 
29 31 32 33 35 51 61 
11 41 
Face: 31
1 6 9 
2 27 29 
1 3 5 16 18 29 30 32 34 35 36 39 42 52 62 
11 13 
Face: 32
3 6 9 
14 28 29 
11 13 14 21 24 29 30 31 33 34 36 39 49 53 63 
11 12 
Face: 33
2 3 9 
13 28 30 
11 12 20 30 32 34 38 
12 42 
Face: 34
2 6 9 
11 29 30 
8 10 11 16 19 31 32 33 36 37 38 39 43 55 67 
12 14 
Face: 35
1 4 9 
7 27 31 
5 6 30 31 36 40 44 
13 43 
Face: 36
4 6 9 
8 29 31 
5 7 8 24 26 27 31 32 34 35 39 40 45 56 68 
13 15 
Face: 37
2 5 6 
4 11 32 
1 4 8 10 11 14 16 19 23 27 34 38 39 43 46 47 55 57 58 65 67 
14 18 23 
Face: 38
2 5 9 
30 32 33 
33 34 37 39 40 46 57 
14 44 
Face: 39
5 6 9 
4 29 33 
1 4 14 23 27 31 32 34 36 37 38 40 47 58 65 
14 15 
Face: 40
4 5 9 
25 31 33 
27 28 35 36 38 39 69 
15 45 
Face: 41
1 2 10 
17 34 35 
16 17 42 43 44 46 
16 26 
Face: 42
1 6 10 
2 34 36 
1 3 5 16 18 29 31 41 43 44 45 47 49 52 62 
16 17 26 
Face: 43
2 6 10 
11 35 36 
8 10 11 16 19 34 37 41 42 45 46 47 49 55 67 
16 18 26 
Face: 44
1 4 10 
7 34 37 
5 6 35 41 42 45 48 
17 47 
Face: 45
4 6 10 
8 36 37 
5 7 8 24 26 27 36 42 43 44 47 48 49 56 68 
17 19 
Face: 46
2 5 10 
32 35 38 
37 38 41 43 47 50 57 
18 48 
Face: 47
5 6 10 
4 36 38 
1 4 14 23 27 37 39 42 43 45 46 49 50 58 65 
18 20 
Face: 48
3 4 10 
23 37 39 
24 25 44 45 49 50 59 
19 49 
Face: 49
3 6 10 
14 36 39 
11 13 14 21 24 29 32 42 43 45 47 48 50 53 63 
19 20 
Face: 50
3 5 10 
16 38 39 
14 15 46 47 48 49 64 
20 50 
Face: 51
1 3 11 
26 40 41 
29 30 52 53 59 60 61 
21 51 
Face: 52
1 6 11 
2 40 42 
1 3 5 16 18 29 31 42 51 53 55 56 58 60 62 
21 25 
Face: 53
3 6 11 
14 41 42 
11 13 14 21 24 29 32 49 51 52 55 56 58 59 63 
21 24 
Face: 54
2 4 11 
10 43 44 
8 9 55 56 57 59 66 
22 52 
Face: 55
2 6 11 
11 42 43 
8 10 11 16 19 34 37 43 52 53 54 56 57 58 67 
22 23 
Face: 56
4 6 11 
8 42 44 
5 7 8 24 26 27 36 45 52 53 54 55 58 59 68 
22 24 
Face: 57
2 5 11 
32 43 45 
37 38 46 54 55 58 60 
23 53 
Face: 58
5 6 11 
4 42 45 
1 4 14 23 27 37 39 47 52 53 55 56 57 60 65 
23 25 
Face: 59
3 4 11 
23 41 44 
24 25 48 51 53 54 56 
24 54 
Face: 60
1 5 11 
1 40 45 
1 2 22 51 52 57 58 
25 55 
Face: 61
1 3 12 
26 46 47 
29 30 51 62 63 64 
27 57 
Face: 62
1 6 12 
2 46 48 
1 3 5 16 18 29 31 42 52 61 63 65 67 68 
27 57 
Face: 63
3 6 12 
14 47 48 
11 13 14 21 24 29 32 49 53 61 62 64 65 67 68 
27 28 
Face: 64
3 5 12 
16 47 49 
14 15 50 61 63 65 69 
28 58 
Face: 65
5 6 12 
4 48 49 
1 4 14 23 27 37 39 47 58 62 63 64 67 68 69 
28 30 
Face: 66
2 4 12 
10 50 51 
8 9 54 67 68 69 
29 59 
Face: 67
2 6 12 
11 48 50 
8 10 11 16 19 34 37 43 55 62 63 65 66 68 
29 59 
Face: 68
4 6 12 
8 48 51 
5 7 8 24 26 27 36 45 56 62 63 65 66 67 69 
29 30 
Face: 69
4 5 12 
25 49 51 
27 28 40 64 65 66 68 
30 60 
Tetra: 1
1 5 6 7 
1 2 3 4 5 6 
1 2 3 4 
2 5 8 25 
Tetra: 2
1 4 6 7 
2 3 6 7 8 9 
3 5 6 7 
1 3 13 17 
Tetra: 3
2 4 6 7 
6 8 9 10 11 12 
7 8 9 10 
2 4 22 29 
Tetra: 4
2 3 6 7 
6 11 12 13 14 15 
10 11 12 13 
3 5 7 12 
Tetra: 5
3 5 6 7 
4 5 6 14 15 16 
4 13 14 15 
1 4 20 28 
Tetra: 6
1 2 6 8 
2 11 17 18 19 20 
16 17 18 19 
7 8 16 26 
Tetra: 7
2 3 6 8 
11 13 14 19 20 21 
11 19 20 21 
4 6 9 12 
Tetra: 8
1 5 6 8 
1 2 4 18 20 22 
1 18 22 23 
1 6 10 25 
Tetra: 9
3 4 6 8 
8 14 20 21 23 24 
21 24 25 26 
7 10 19 24 
Tetra: 10
4 5 6 8 
4 8 20 22 24 25 
23 26 27 28 
8 9 15 30 
Tetra: 11
1 3 6 9 
2 14 26 27 28 29 
29 30 31 32 
12 13 21 27 
Tetra: 12
2 3 6 9 
11 13 14 28 29 30 
11 32 33 34 
4 7 11 14 
Tetra: 13
1 4 6 9 
2 7 8 27 29 31 
5 31 35 36 
2 11 15 17 
Tetra: 14
2 5 6 9 
4 11 29 30 32 33 
34 37 38 39 
12 15 18 23 
Tetra: 15
4 5 6 9 
4 8 25 29 31 33 
27 36 39 40 
10 13 14 30 
Tetra: 16
1 2 6 10 
2 11 17 34 35 36 
16 41 42 43 
6 17 18 26 
Tetra: 17
1 4 6 10 
2 7 8 34 36 37 
5 42 44 45 
2 13 16 19 26 
Tetra: 18
2 5 6 10 
4 11 32 35 36 38 
37 43 46 47 
14 16 20 23 26 
Tetra: 19
3 4 6 10 
8 14 23 36 37 39 
24 45 48 49 
9 17 20 24 
Tetra: 20
3 5 6 10 
4 14 16 36 38 39 
14 47 49 50 
5 18 19 28 
Tetra: 21
1 3 6 11 
2 14 26 40 41 42 
29 51 52 53 
11 24 25 27 
Tetra: 22
2 4 6 11 
8 10 11 42 43 44 
8 54 55 56 
3 23 24 29 
Tetra: 23
2 5 6 11 
4 11 32 42 43 45 
37 55 57 58 
14 18 22 25 
Tetra: 24
3 4 6 11 
8 14 23 41 42 44 
24 53 56 59 
9 19 21 22 
Tetra: 25
1 5 6 11 
1 2 4 40 42 45 
1 52 58 60 
1 8 21 23 
Tetra: 26
1 2 6 10 
2 11 17 34 35 36 
16 41 42 43 
6 16 17 18 
Tetra: 27
1 3 6 12 
2 14 26 46 47 48 
29 61 62 63 
11 21 28 
Tetra: 28
3 5 6 12 
4 14 16 47 48 49 
14 63 64 65 
5 20 27 30 
Tetra: 29
2 4 6 12 
8 10 11 48 50 51 
8 66 67 68 
3 22 30 
Tetra: 30
4 5 6 12 
4 8 25 48 49 51 
27 65 68 69 
10 15 28 29 
Tetra: 31
1 5 6 7 
1 2 3 4 5 6 
1 2 3 4 
2 5 8 25 
Tetra: 32
1 4 6 7 
2 3 6 7 8 9 
3 5 6 7 
1 3 13 17 
Tetra: 33
2 4 6 7 
6 8 9 10 11 12 
7 8 9 10 
2 4 22 29 
Tetra: 34
2 3 6 7 
6 11 12 13 14 15 
10 11 12 13 
3 5 7 12 
Tetra: 35
3 5 6 7 
4 5 6 14 15 16 
4 13 14 15 
1 4 20 28 
Tetra: 36
1 2 6 8 
2 11 17 18 19 20 
16 17 18 19 
7 8 16 26 
Tetra: 37
2 3 6 8 
11 13 14 19 20 21 
11 19 20 21 
4 6 9 12 
Tetra: 38
1 5 6 8 
1 2 4 18 20 22 
1 18 22 23 
1 6 10 25 
Tetra: 39
3 4 6 8 
8 14 20 21 23 24 
21 24 25 26 
7 10 19 24 
Tetra: 40
4 5 6 8 
4 8 20 22 24 25 
23 26 27 28 
8 9 15 30 
Tetra: 41
1 3 6 9 
2 14 26 27 28 29 
29 30 31 32 
12 13 21 27 
Tetra: 42
2 3 6 9 
11 13 14 28 29 30 
11 32 33 34 
4 7 11 14 
Tetra: 43
1 4 6 9 
2 7 8 27 29 31 
5 31 35 36 
2 11 15 17 
Tetra: 44
2 5 6 9 
4 11 29 30 32 33 
34 37 38 39 
12 15 18 23 
Tetra: 45
4 5 6 9 
4 8 25 29 31 33 
27 36 39 40 
10 13 14 30 
Tetra: 46
1 2 6 10 
2 11 17 34 35 36 
16 41 42 43 
6 17 18 26 
Tetra: 47
1 4 6 10 
2 7 8 34 36 37 
5 42 44 45 
2 13 16 19 26 
Tetra: 48
2 5 6 10 
4 11 32 35 36 38 
37 43 46 47 
14 16 20 23 26 
Tetra: 49
3 4 6 10 
8 14 23 36 37 39 
24 45 48 49 
9 17 20 24 
Tetra: 50
3 5 6 10 
4 14 16 36 38 39 
14 47 49 50 
5 18 19 28 
Tetra: 51
1 3 6 11 
2 14 26 40 41 42 
29 51 52 53 
11 24 25 27 
Tetra: 52
2 4 6 11 
8 10 11 42 43 44 
8 54 55 56 
3 23 24 29 
Tetra: 53
2 5 6 11 
4 11 32 42 43 45 
37 55 57 58 
14 18 22 25 
Tetra: 54
3 4 6 11 
8 14 23 41 42 44 
24 53 56 59 
9 19 21 22 
Tetra: 55
1 5 6 11 
1 2 4 40 42 45 
1 52 58 60 
1 8 21 23 
Tetra: 56
1 2 6 10 
2 11 17 34 35 36 
16 41 42 43 
6 16 17 18 
Tetra: 57
1 3 6 12 
2 14 26 46 47 48 
29 61 62 63 
11 21 28 
Tetra: 58
3 5 6 12 
4 14 16 47 48 49 
14 63 64 65 
5 20 27 30 
Tetra: 59
2 4 6 12 
8 10 11 48 50 51 
8 66 67 68 
3 22 30 
Tetra: 60
4 5 6 12 
4 8 25 48 49 51 
27 65 68 69 
10 15 28 29 
