poincare=[[0,1,5,11],[0,1,5,17],[0,1,7,13],[0,1,7,19],[0,1,9,15],
[0,1,9,21],[0,1,11,13],[0,1,15,19],[0,1,17,21],[0,2,6,12],
[0,2,6,18],[0,2,7,13],[0,2,7,19],[0,2,10,16],[0,2,10,22],
[0,2,12,13],[0,2,16,19],[0,2,18,22],[0,3,8,14],[0,3,8,20],
[0,3,9,15],[0,3,9,21],[0,3,10,16],[0,3,10,22],[0,3,14,22],
[0,3,15,16],[0,3,20,21],[0,4,5,11],[0,4,5,17],[0,4,6,12],
[0,4,6,18],[0,4,8,14],[0,4,8,20],[0,4,11,12],[0,4,14,18],
[0,4,17,20],[0,11,12,13],[0,14,18,22],[0,15,16,19],[0,17,20,21],
[1,2,5,11],[1,2,5,17],[1,2,8,14],[1,2,8,20],[1,2,10,16],
[1,2,10,22],[1,2,11,14],[1,2,16,20],[1,2,17,22],[1,3,6,12],
[1,3,6,18],[1,3,7,13],[1,3,7,19],[1,3,8,14],[1,3,8,20],
[1,3,12,20],[1,3,13,14],[1,3,18,19],[1,4,6,12],[1,4,6,18],
[1,4,9,15],[1,4,9,21],[1,4,10,16],[1,4,10,22],[1,4,12,16],
[1,4,15,18],[1,4,21,22],[1,11,13,14],[1,12,16,20],[1,15,18,19],
[1,17,21,22],[2,3,5,11],[2,3,5,17],[2,3,6,12],[2,3,6,18],
[2,3,9,15],[2,3,9,21],[2,3,11,15],[2,3,12,21],[2,3,17,18],
[2,4,7,13],[2,4,7,19],[2,4,8,14],[2,4,8,20],[2,4,9,15],
[2,4,9,21],[2,4,13,21],[2,4,14,15],[2,4,19,20],[2,11,14,15],
[2,12,13,21],[2,16,19,20],[2,17,18,22],[3,4,5,11],[3,4,5,17],
[3,4,7,13],[3,4,7,19],[3,4,10,16],[3,4,10,22],[3,4,11,16],
[3,4,13,22],[3,4,17,19],[3,11,15,16],[3,12,20,21],[3,13,14,22],
[3,17,18,19],[4,11,12,16],[4,13,21,22],[4,14,15,18],[4,17,19,20],
[11,12,13,23],[11,12,16,23],[11,13,14,23],[11,14,15,23],[11,15,16,23],
[12,13,21,23],[12,16,20,23],[12,20,21,23],[13,14,22,23],[13,21,22,23],
[14,15,18,23],[14,18,22,23],[15,16,19,23],[15,18,19,23],[16,19,20,23],
[17,18,19,23],[17,18,22,23],[17,19,20,23],[17,20,21,23],[17,21,22,23]]