##  Nil_Oo1_1   f = (16,113,194,97), g_2 = 59.
##  deg = 10,13,14,14,14,14,14,14,14,15,15,15,15,15,15,15
##  n_4,... = 0,0,0,0,0,0,1,0,0,1,7,7
facets:=[[1,2,3,4],[1,2,3,5],[1,2,4,6],[1,2,5,6],[1,3,4,7],[1,3,5,7],
  [1,4,6,8],[1,4,7,8],[1,5,6,9],[1,5,7,10],[1,5,9,11],[1,5,10,11],
  [1,6,8,12],[1,6,9,12],[1,7,8,13],[1,7,10,14],[1,7,13,14],[1,8,12,15],
  [1,8,13,15],[1,9,11,16],[1,9,12,16],[1,10,11,16],[1,10,14,16],
  [1,12,15,16],[1,13,14,15],[1,14,15,16],[2,3,4,13],[2,3,5,12],
  [2,3,12,13],[2,4,6,11],[2,4,11,13],[2,5,6,14],[2,5,8,14],[2,5,8,16],
  [2,5,12,16],[2,6,7,11],[2,6,7,14],[2,7,10,14],[2,7,10,15],[2,7,11,15],
  [2,8,9,10],[2,8,9,16],[2,8,10,14],[2,9,10,15],[2,9,12,13],[2,9,12,16],
  [2,9,13,15],[2,11,13,15],[3,4,7,9],[3,4,9,14],[3,4,13,16],[3,4,14,16],
  [3,5,7,15],[3,5,12,15],[3,6,8,10],[3,6,8,12],[3,6,10,16],[3,6,12,13],
  [3,6,13,16],[3,7,9,11],[3,7,11,15],[3,8,10,14],[3,8,11,14],[3,8,11,15],
  [3,8,12,15],[3,9,11,14],[3,10,14,16],[4,5,10,11],[4,5,10,15],
  [4,5,11,13],[4,5,13,16],[4,5,15,16],[4,6,8,10],[4,6,10,11],[4,7,8,9],
  [4,8,9,10],[4,9,10,15],[4,9,14,15],[4,14,15,16],[5,6,9,14],[5,7,10,15],
  [5,8,11,13],[5,8,11,14],[5,8,13,16],[5,9,11,14],[5,12,15,16],
  [6,7,11,16],[6,7,13,14],[6,7,13,16],[6,9,12,13],[6,9,13,14],
  [6,10,11,16],[7,8,9,16],[7,8,13,16],[7,9,11,16],[8,11,13,15],
  [9,13,14,15]];

##  Nil_Oo1_2   f = (17,120,206,103), g_2 = 62.
##  deg = 11,12,12,13,14,14,14,14,14,14,15,15,15,15,16,16,16
##  n_4,... = 0,0,0,0,0,0,0,1,2,1,6,4,3
facets:=[[1,2,3,4],[1,2,3,5],[1,2,4,6],[1,2,5,6],[1,3,4,7],[1,3,5,8],
  [1,3,7,8],[1,4,6,9],[1,4,7,9],[1,5,6,10],[1,5,8,10],[1,6,9,11],
  [1,6,10,11],[1,7,8,12],[1,7,9,12],[1,8,10,12],[1,9,11,12],[1,10,11,12],
  [2,3,4,13],[2,3,5,14],[2,3,9,13],[2,3,9,15],[2,3,14,15],[2,4,6,16],
  [2,4,11,13],[2,4,11,16],[2,5,6,12],[2,5,12,14],[2,6,12,16],[2,7,8,12],
  [2,7,8,17],[2,7,11,16],[2,7,11,17],[2,7,12,16],[2,8,9,15],[2,8,9,17],
  [2,8,12,14],[2,8,14,15],[2,9,13,17],[2,11,13,17],[3,4,7,13],[3,5,8,11],
  [3,5,11,14],[3,6,8,11],[3,6,8,17],[3,6,11,14],[3,6,14,15],[3,6,15,16],
  [3,6,16,17],[3,7,8,17],[3,7,10,13],[3,7,10,17],[3,9,10,13],[3,9,10,16],
  [3,9,15,16],[3,10,16,17],[4,5,8,10],[4,5,8,11],[4,5,9,10],[4,5,9,17],
  [4,5,11,16],[4,5,16,17],[4,6,9,17],[4,6,16,17],[4,7,9,14],[4,7,13,15],
  [4,7,14,15],[4,8,10,14],[4,8,11,15],[4,8,14,15],[4,9,10,14],
  [4,11,13,15],[5,6,10,13],[5,6,12,13],[5,9,10,13],[5,9,13,17],
  [5,11,14,16],[5,12,13,17],[5,12,14,17],[5,14,16,17],[6,7,10,11],
  [6,7,10,13],[6,7,11,14],[6,7,13,15],[6,7,14,15],[6,8,9,11],[6,8,9,17],
  [6,12,13,15],[6,12,15,16],[7,9,12,16],[7,9,14,16],[7,10,11,17],
  [7,11,14,16],[8,9,11,15],[8,10,12,14],[9,10,14,16],[9,11,12,15],
  [9,12,15,16],[10,11,12,17],[10,12,14,17],[10,14,16,17],[11,12,13,15],
  [11,12,13,17]];

##  Nil_Oo1_3   f = (17,125,216,108), g_2 = 67.
##  deg = 8,13,13,14,15,15,15,15,15,15,16,16,16,16,16,16,16
##  n_4,... = 0,0,0,0,1,0,0,0,0,2,1,6,7
facets:=[[1,2,3,4],[1,2,3,5],[1,2,4,6],[1,2,5,6],[1,3,4,7],[1,3,5,7],
  [1,4,6,8],[1,4,7,9],[1,4,8,9],[1,5,6,8],[1,5,7,9],[1,5,8,9],[2,3,4,10],
  [2,3,5,11],[2,3,8,10],[2,3,8,11],[2,4,6,12],[2,4,10,12],[2,5,6,13],
  [2,5,11,14],[2,5,13,14],[2,6,12,15],[2,6,13,16],[2,6,15,16],[2,7,8,11],
  [2,7,8,12],[2,7,9,11],[2,7,9,17],[2,7,12,15],[2,7,15,17],[2,8,10,12],
  [2,9,11,14],[2,9,14,17],[2,13,14,16],[2,14,16,17],[2,15,16,17],
  [3,4,7,15],[3,4,10,15],[3,5,7,16],[3,5,11,12],[3,5,12,16],[3,6,9,14],
  [3,6,9,16],[3,6,10,13],[3,6,10,14],[3,6,13,16],[3,7,13,15],[3,7,13,16],
  [3,8,10,17],[3,8,11,17],[3,9,12,16],[3,9,12,17],[3,9,14,17],
  [3,10,13,15],[3,10,14,17],[3,11,12,17],[4,5,10,12],[4,5,10,15],
  [4,5,12,14],[4,5,13,14],[4,5,13,17],[4,5,15,17],[4,6,8,14],[4,6,12,14],
  [4,7,9,17],[4,7,15,17],[4,8,9,13],[4,8,13,14],[4,9,13,17],[5,6,8,17],
  [5,6,13,17],[5,7,9,10],[5,7,10,16],[5,8,9,15],[5,8,15,17],[5,9,10,15],
  [5,10,12,16],[5,11,12,14],[6,7,8,11],[6,7,8,14],[6,7,10,11],
  [6,7,10,14],[6,8,11,17],[6,9,14,15],[6,9,15,16],[6,10,11,13],
  [6,11,13,17],[6,12,14,15],[7,8,12,13],[7,8,13,14],[7,9,10,11],
  [7,10,14,16],[7,12,13,15],[7,13,14,16],[8,9,12,13],[8,9,12,16],
  [8,9,15,16],[8,10,12,16],[8,10,16,17],[8,15,16,17],[9,10,11,15],
  [9,11,14,15],[9,12,13,17],[10,11,13,15],[10,14,16,17],[11,12,13,15],
  [11,12,13,17],[11,12,14,15]];

##  Nil_Oo1_4   f = (17,130,226,113), g_2 = 72.
##  deg = 13,14,14,14,15,15,15,16,16,16,16,16,16,16,16,16,16
##  n_4,... = 0,0,0,0,0,0,0,0,0,1,3,3,10
facets:=[[1,2,3,4],[1,2,3,5],[1,2,4,6],[1,2,5,6],[1,3,4,7],[1,3,5,7],
  [1,4,6,8],[1,4,7,9],[1,4,8,9],[1,5,6,10],[1,5,7,11],[1,5,10,11],
  [1,6,8,12],[1,6,10,12],[1,7,9,13],[1,7,11,13],[1,8,9,14],[1,8,12,14],
  [1,9,13,15],[1,9,14,15],[1,10,11,16],[1,10,12,17],[1,10,16,17],
  [1,11,13,16],[1,12,14,17],[1,13,15,16],[1,14,15,17],[1,15,16,17],
  [2,3,4,15],[2,3,5,15],[2,4,6,17],[2,4,13,15],[2,4,13,17],[2,5,6,9],
  [2,5,8,9],[2,5,8,15],[2,6,9,16],[2,6,11,16],[2,6,11,17],[2,7,8,10],
  [2,7,8,15],[2,7,10,14],[2,7,12,14],[2,7,12,15],[2,8,9,16],[2,8,10,16],
  [2,10,11,14],[2,10,11,16],[2,11,14,17],[2,12,13,15],[2,12,13,17],
  [2,12,14,17],[3,4,7,14],[3,4,11,12],[3,4,11,14],[3,4,12,16],
  [3,4,15,16],[3,5,7,14],[3,5,13,14],[3,5,13,17],[3,5,15,17],[3,6,8,12],
  [3,6,8,13],[3,6,9,12],[3,6,9,14],[3,6,13,14],[3,8,10,13],[3,8,10,16],
  [3,8,12,16],[3,9,11,12],[3,9,11,14],[3,10,13,17],[3,10,16,17],
  [3,15,16,17],[4,5,8,9],[4,5,8,17],[4,5,9,10],[4,5,10,11],[4,5,11,12],
  [4,5,12,16],[4,5,13,16],[4,5,13,17],[4,6,8,17],[4,7,9,10],[4,7,10,14],
  [4,10,11,14],[4,13,15,16],[5,6,9,10],[5,7,11,12],[5,7,12,14],
  [5,8,15,17],[5,12,14,16],[5,13,14,16],[6,8,11,13],[6,8,11,17],
  [6,9,10,12],[6,9,14,16],[6,11,13,16],[6,13,14,16],[7,8,10,13],
  [7,8,11,13],[7,8,11,15],[7,9,10,13],[7,11,12,15],[8,9,14,16],
  [8,11,15,17],[8,12,14,16],[9,10,12,13],[9,11,12,15],[9,11,14,15],
  [9,12,13,15],[10,12,13,17],[11,14,15,17]];

##  Nil_Oo1_5   f = (18,142,248,124), g_2 = 80.
##  deg = 9,14,15,15,16,16,16,16,16,16,16,17,17,17,17,17,17,17
##  n_4,... = 0,0,0,0,0,1,0,0,0,0,1,2,7,7
facets:=[[1,2,3,4],[1,2,3,5],[1,2,4,6],[1,2,5,6],[1,3,4,7],[1,3,5,7],
  [1,4,6,8],[1,4,7,9],[1,4,8,9],[1,5,6,10],[1,5,7,11],[1,5,10,11],
  [1,6,8,10],[1,7,9,12],[1,7,11,13],[1,7,12,13],[1,8,9,14],[1,8,10,14],
  [1,9,12,15],[1,9,14,15],[1,10,11,16],[1,10,14,15],[1,10,15,17],
  [1,10,16,17],[1,11,13,16],[1,12,13,16],[1,12,15,17],[1,12,16,17],
  [2,3,4,11],[2,3,5,9],[2,3,9,11],[2,4,6,15],[2,4,11,17],[2,4,15,17],
  [2,5,6,15],[2,5,9,16],[2,5,12,14],[2,5,12,16],[2,5,14,15],[2,7,10,12],
  [2,7,10,17],[2,7,12,13],[2,7,13,17],[2,8,11,17],[2,8,11,18],
  [2,8,13,16],[2,8,13,17],[2,8,16,18],[2,9,11,18],[2,9,16,18],
  [2,10,12,14],[2,10,14,15],[2,10,15,17],[2,12,13,16],[3,4,7,10],
  [3,4,10,11],[3,5,7,8],[3,5,8,9],[3,6,11,13],[3,6,11,14],[3,6,12,14],
  [3,6,12,15],[3,6,13,15],[3,7,8,15],[3,7,10,16],[3,7,15,16],[3,8,9,14],
  [3,8,12,14],[3,8,12,15],[3,9,11,14],[3,10,11,16],[3,11,13,16],
  [3,13,15,16],[4,5,10,11],[4,5,10,13],[4,5,11,17],[4,5,12,14],
  [4,5,12,17],[4,5,13,14],[4,6,8,16],[4,6,12,14],[4,6,12,15],[4,6,14,16],
  [4,7,9,10],[4,8,9,13],[4,8,13,16],[4,9,10,13],[4,12,15,17],
  [4,13,14,16],[5,6,10,13],[5,6,13,15],[5,7,8,11],[5,8,9,17],[5,8,11,17],
  [5,9,16,17],[5,12,16,17],[5,13,14,15],[6,7,11,13],[6,7,11,14],
  [6,7,13,17],[6,7,14,16],[6,7,16,17],[6,8,10,18],[6,8,16,18],
  [6,9,10,13],[6,9,10,18],[6,9,13,17],[6,9,16,17],[6,9,16,18],
  [7,8,11,15],[7,9,10,12],[7,10,16,17],[7,11,14,15],[7,14,15,16],
  [8,9,13,17],[8,10,12,14],[8,10,12,18],[8,11,15,18],[8,12,15,18],
  [9,10,12,18],[9,11,14,15],[9,11,15,18],[9,12,15,18],[13,14,15,16]];
