8.15609
0.438087
-1.76705
-1.76705
-1.76705
-1.76705
-1.76705
-0.664484
-0.664484
-0.664484
-0.664484
-0.664484
1.54066
-0.664484
2.64323
2.64323
7.06360
0.233739
-1.19784
-1.21629
-1.21621
-1.19103
-1.19701
-0.542900
-0.543110
-0.574787
-0.571571
-0.581880
0.927065
-0.575160
1.80535
1.80542
5.98488
0.122823
-0.810559
-0.836947
-0.836763
-0.801479
-0.808131
-0.447126
-0.447569
-0.490467
-0.486512
-0.500138
0.513298
-0.491352
1.19056
1.19073
4.96813
0.0641976
-0.548043
-0.576447
-0.576209
-0.538842
-0.544103
-0.372712
-0.373231
-0.416688
-0.413111
-0.426576
0.245224
-0.417883
0.755383
0.755578
4.04828
0.0331435
-0.371564
-0.398805
-0.398567
-0.363200
-0.366558
-0.314625
-0.315096
-0.354086
-0.351316
-0.363086
0.0781469
-0.355377
0.455944
0.456114
3.24512
0.0156821
-0.254390
-0.278921
-0.278718
-0.247214
-0.248833
-0.268725
-0.269085
-0.301733
-0.299851
-0.309430
-0.0215630
-0.302974
0.254676
0.254796
2.56460
0.00439328
-0.177882
-0.199112
-0.198960
-0.171940
-0.172215
-0.231973
-0.232208
-0.258313
-0.257232
-0.264648
-0.0777729
-0.259424
0.122201
0.122267
2.00216
-0.00436298
-0.129007
-0.146883
-0.146784
-0.124201
-0.123554
-0.202233
-0.202354
-0.222522
-0.222091
-0.227606
-0.106756
-0.223472
0.0367961
0.0368141
1.54655
-0.0121732
-0.0986762
-0.113428
-0.113377
-0.0948519
-0.0936447
-0.178003
-0.178035
-0.193186
-0.193240
-0.197196
-0.119277
-0.193974
-0.0170152
-0.0170322
1.18327
-0.0195878
-0.0805935
-0.0925828
-0.0925683
-0.0775859
-0.0760946
-0.158201
-0.158168
-0.169277
-0.169665
-0.172399
-0.122274
-0.169915
-0.0499768
-0.0500166
0.897094
-0.0266893
-0.0704439
-0.0800712
-0.0800837
-0.0680983
-0.0665175
-0.142014
-0.141939
-0.149900
-0.150495
-0.152308
-0.120112
-0.150408
-0.0694057
-0.0694581
0.673711
-0.0333900
-0.0653081
-0.0729640
-0.0729946
-0.0634893
-0.0619458
-0.128804
-0.128706
-0.134281
-0.134986
-0.136126
-0.115457
-0.134680
-0.0802088
-0.0802662
0.500496
-0.0395734
-0.0632409
-0.0692809
-0.0693221
-0.0618361
-0.0604050
-0.118056
-0.117947
-0.121756
-0.122500
-0.123163
-0.109883
-0.122067
-0.0856324
-0.0856897
0.366813
-0.0451522
-0.0629695
-0.0677035
-0.0677496
-0.0618871
-0.0606068
-0.109342
-0.109232
-0.111761
-0.112493
-0.112830
-0.104275
-0.112002
-0.0877956
-0.0878496
0.263970
-0.0500839
-0.0636789
-0.0673687
-0.0674158
-0.0628458
-0.0617299
-0.102304
-0.102199
-0.103819
-0.104508
-0.104629
-0.0990898
-0.104004
-0.0880615
-0.0881105
0.185016
-0.0543674
-0.0648605
-0.0677231
-0.0677684
-0.0642195
-0.0632660
-0.0966408
-0.0965445
-0.0975321
-0.0981602
-0.0981457
-0.0945287
-0.0976741
-0.0872926
-0.0873357
0.124475
-0.0580322
-0.0662081
-0.0684201
-0.0684620
-0.0657146
-0.0649126
-0.0921015
-0.0920156
-0.0925734
-0.0931320
-0.0930378
-0.0906464
-0.0926822
-0.0860222
-0.0860595
0.0780820
-0.0611280
-0.0675464
-0.0692499
-0.0692875
-0.0671661
-0.0664997
-0.0884755
-0.0884004
-0.0886740
-0.0891611
-0.0890255
-0.0874171
-0.0887571
-0.0845708
-0.0846025
0.0425360
-0.0637151
-0.0687827
-0.0700907
-0.0701238
-0.0684891
-0.0679411
-0.0855881
-0.0855237
-0.0856156
-0.0860338
-0.0858819
-0.0847763
-0.0856791
-0.0831225
-0.0831490
0.0152969
-0.0658574
-0.0698752
-0.0708770
-0.0709056
-0.0696482
-0.0692013
-0.0832958
-0.0832412
-0.0832223
-0.0835768
-0.0834244
-0.0826445
-0.0832709
-0.0817755
-0.0817976
-0.00558376
-0.0676176
-0.0708123
-0.0715779
-0.0716023
-0.0706364
-0.0702746
-0.0814807
-0.0814350
-0.0813532
-0.0816504
-0.0815068
-0.0809409
-0.0813904
-0.0805756
-0.0805938
-0.0215981
-0.0690543
-0.0715992
-0.0721832
-0.0722037
-0.0714626
-0.0711713
-0.0800470
-0.0800090
-0.0798960
-0.0801430
-0.0800130
-0.0795903
-0.0799245
-0.0795371
-0.0795520
-0.0338870
-0.0702201
-0.0722494
-0.0726942
-0.0727113
-0.0721431
-0.0719099
-0.0789169
-0.0788856
-0.0787615
-0.0789651
-0.0788509
-0.0785266
-0.0787835
-0.0786567
-0.0786688
-0.0433228
-0.0711615
-0.0727803
-0.0731185
-0.0731327
-0.0726975
-0.0725115
-0.0780279
-0.0780023
-0.0778794
-0.0780461
-0.0779478
-0.0776932
-0.0778963
-0.0779215
-0.0779313
-0.0505724
-0.0719185
-0.0732096
-0.0734665
-0.0734781
-0.0731449
-0.0729971
-0.0773298
-0.0773090
-0.0771943
-0.0773300
-0.0772467
-0.0770431
-0.0772073
-0.0773148
-0.0773227
-0.0561455
-0.0725247
-0.0735541
-0.0737490
-0.0737584
-0.0735034
-0.0733864
-0.0767824
-0.0767656
-0.0766626
-0.0767725
-0.0767029
-0.0765378
-0.0766727
-0.0768188
-0.0768251
-0.0604323
-0.0730088
-0.0738288
-0.0739765
-0.0739842
-0.0737891
-0.0736967
-0.0763539
-0.0763404
-0.0762503
-0.0763388
-0.0762814
-0.0761461
-0.0762581
-0.0764162
-0.0764213
-0.0637316
-0.0733941
-0.0740467
-0.0741587
-0.0741649
-0.0740156
-0.0739429
-0.0760188
-0.0760079
-0.0759308
-0.0760019
-0.0759548
-0.0758434
-0.0759368
-0.0760915
-0.0760956
-0.0662721
-0.0737001
-0.0742190
-0.0743037
-0.0743087
-0.0741945
-0.0741373
-0.0757570
-0.0757484
-0.0756833
-0.0757401
-0.0757019
-0.0756099
-0.0756880
-0.0758309
-0.0758341
-0.0682292
-0.0739424
-0.0743546
-0.0744187
-0.0744227
-0.0743354
-0.0742905
-0.0755528
-0.0755459
-0.0754916
-0.0755370
-0.0755061
-0.0754300
-0.0754954
-0.0756226
-0.0756252
-0.0697376
-0.0741341
-0.0744610
-0.0745095
-0.0745127
-0.0744459
-0.0744108
-0.0753936
-0.0753881
-0.0753434
-0.0753794
-0.0753546
-0.0752917
-0.0753463
-0.0754567
-0.0754588
-0.0709005
-0.0742853
-0.0745444
-0.0745810
-0.0745836
-0.0745325
-0.0745050
-0.0752695
-0.0752652
-0.0752286
-0.0752572
-0.0752374
-0.0751855
-0.0752309
-0.0753250
-0.0753266
-0.0717975
-0.0744045
-0.0746095
-0.0746372
-0.0746393
-0.0746002
-0.0745787
-0.0751730
-0.0751696
-0.0751398
-0.0751625
-0.0751467
-0.0751039
-0.0751416
-0.0752207
-0.0752220
-0.0724896
-0.0744983
-0.0746604
-0.0746813
-0.0746829
-0.0746530
-0.0746363
-0.0750979
-0.0750952
-0.0750712
-0.0750891
-0.0750766
-0.0750414
-0.0750726
-0.0751383
-0.0751393
-0.0730238
-0.0745720
-0.0747000
-0.0747158
-0.0747170
-0.0746941
-0.0746811
-0.0750395
-0.0750374
-0.0750181
-0.0750322
-0.0750223
-0.0749935
-0.0750192
-0.0750733
-0.0750741
-0.0734361
-0.0746298
-0.0747308
-0.0747427
-0.0747437
-0.0747262
-0.0747160
-0.0749942
-0.0749925
-0.0749771
-0.0749881
-0.0749804
-0.0749569
-0.0749779
-0.0750222
-0.0750228
-0.0737546
-0.0746751
-0.0747547
-0.0747637
-0.0747645
-0.0747511
-0.0747432
-0.0749590
-0.0749576
-0.0749453
-0.0749540
-0.0749479
-0.0749288
-0.0749460
-0.0749820
-0.0749824
-0.0740005
-0.0747106
-0.0747733
-0.0747801
-0.0747807
-0.0747704
-0.0747643
-0.0749316
-0.0749306
-0.0749208
-0.0749276
-0.0749228
-0.0749073
-0.0749213
-0.0749504
-0.0749508
-0.0741905
-0.0747384
-0.0747877
-0.0747929
-0.0747933
-0.0747855
-0.0747807
-0.0749104
-0.0749096
-0.0749018
-0.0749072
-0.0749034
-0.0748908
-0.0749023
-0.0749256
-0.0749259
-0.0743372
-0.0747602
-0.0747989
-0.0748028
-0.0748032
-0.0747971
-0.0747934
-0.0748939
-0.0748933
-0.0748872
-0.0748914
-0.0748884
-0.0748782
-0.0748875
-0.0749062
-0.0749065
-0.0744507
-0.0747771
-0.0748075
-0.0748105
-0.0748108
-0.0748062
-0.0748033
-0.0748811
-0.0748807
-0.0748758
-0.0748791
-0.0748768
-0.0748686
-0.0748761
-0.0748911
-0.0748913
-0.0745383
-0.0747904
-0.0748142
-0.0748165
-0.0748167
-0.0748132
-0.0748109
-0.0748712
-0.0748709
-0.0748671
-0.0748696
-0.0748678
-0.0748613
-0.0748673
-0.0748792
-0.0748794
-0.0746061
-0.0748007
-0.0748194
-0.0748211
-0.0748213
-0.0748186
-0.0748169
-0.0748636
-0.0748633
-0.0748603
-0.0748623
-0.0748609
-0.0748556
-0.0748605
-0.0748699
-0.0748701
-0.0746585
-0.0748088
-0.0748235
-0.0748247
-0.0748249
-0.0748228
-0.0748215
-0.0748576
-0.0748574
-0.0748551
-0.0748566
-0.0748555
-0.0748513
-0.0748552
-0.0748627
-0.0748628
-0.0746990
-0.0748151
-0.0748266
-0.0748275
-0.0748277
-0.0748261
-0.0748250
-0.0748530
-0.0748528
-0.0748510
-0.0748522
-0.0748514
-0.0748480
-0.0748511
-0.0748571
-0.0748571
-0.0747303
-0.0748200
-0.0748290
-0.0748297
-0.0748298
-0.0748286
-0.0748278
-0.0748494
-0.0748493
-0.0748479
-0.0748488
-0.0748482
-0.0748455
-0.0748480
-0.0748527
-0.0748527
-0.0747545
-0.0748238
-0.0748308
-0.0748314
-0.0748315
-0.0748305
-0.0748299
-0.0748467
-0.0748466
-0.0748455
-0.0748462
-0.0748457
-0.0748435
-0.0748455
-0.0748492
-0.0748493
-0.0747732
-0.0748268
-0.0748323
-0.0748327
-0.0748328
-0.0748320
-0.0748316
-0.0748445
-0.0748445
-0.0748436
-0.0748442
-0.0748438
-0.0748421
-0.0748436
-0.0748466
-0.0748466
-0.0747877
-0.0748291
-0.0748334
-0.0748337
-0.0748338
-0.0748332
-0.0748328
-0.0748429
-0.0748428
-0.0748421
-0.0748426
-0.0748423
-0.0748409
-0.0748422
-0.0748445
-0.0748445
-0.0747989
-0.0748309
-0.0748343
-0.0748345
-0.0748345
-0.0748341
-0.0748338
-0.0748416
-0.0748415
-0.0748410
-0.0748414
-0.0748411
-0.0748401
-0.0748410
-0.0748429
-0.0748429
-0.0748076
-0.0748323
-0.0748349
-0.0748351
-0.0748351
-0.0748348
-0.0748346
-0.0748406
-0.0748406
-0.0748402
-0.0748404
-0.0748402
-0.0748394
-0.0748402
-0.0748416
-0.0748416
-0.0748143
-0.0748334
-0.0748354
-0.0748356
-0.0748356
-0.0748353
-0.0748352
-0.0748398
-0.0748398
-0.0748395
-0.0748397
-0.0748396
-0.0748389
-0.0748395
-0.0748406
-0.0748406
-0.0748195
-0.0748343
-0.0748358
-0.0748359
-0.0748360
-0.0748358
-0.0748356
-0.0748392
-0.0748392
-0.0748390
-0.0748391
-0.0748390
-0.0748385
-0.0748390
-0.0748398
-0.0748399
-0.0748235
-0.0748349
-0.0748361
-0.0748362
-0.0748362
-0.0748361
-0.0748360
-0.0748388
-0.0748388
-0.0748386
-0.0748387
-0.0748386
-0.0748382
-0.0748386
-0.0748393
-0.0748393
-0.0748266
-0.0748354
-0.0748364
-0.0748364
-0.0748365
-0.0748363
-0.0748363
-0.0748384
-0.0748384
-0.0748383
-0.0748384
-0.0748383
-0.0748380
-0.0748383
-0.0748388
-0.0748388
-0.0748290
-0.0748358
-0.0748366
-0.0748366
-0.0748366
-0.0748365
-0.0748365
-0.0748381
-0.0748381
-0.0748380
-0.0748381
-0.0748380
-0.0748378
-0.0748380
-0.0748384
-0.0748384
-0.0748308
-0.0748361
-0.0748367
-0.0748367
-0.0748368
-0.0748367
-0.0748366
-0.0748379
-0.0748379
-0.0748378
-0.0748379
-0.0748378
-0.0748376
-0.0748378
-0.0748382
-0.0748382
-0.0748323
-0.0748364
-0.0748368
-0.0748368
-0.0748369
-0.0748368
-0.0748368
-0.0748378
-0.0748378
-0.0748377
-0.0748377
-0.0748377
-0.0748375
-0.0748377
-0.0748379
-0.0748379
-0.0748334
-0.0748366
-0.0748369
-0.0748369
-0.0748369
-0.0748369
-0.0748369
-0.0748376
-0.0748376
-0.0748376
-0.0748376
-0.0748376
-0.0748375
-0.0748376
-0.0748378
-0.0748378
-0.0748343
-0.0748367
-0.0748370
-0.0748370
-0.0748370
-0.0748370
-0.0748369
-0.0748375
-0.0748375
-0.0748375
-0.0748375
-0.0748375
-0.0748374
-0.0748375
-0.0748376
-0.0748376
-0.0748349
-0.0748368
-0.0748370
-0.0748370
-0.0748370
-0.0748370
-0.0748370
-0.0748375
-0.0748375
-0.0748374
-0.0748374
-0.0748374
-0.0748374
-0.0748374
-0.0748375
-0.0748375
-0.0748354
-0.0748369
-0.0748371
-0.0748371
-0.0748371
-0.0748371
-0.0748370
-0.0748374
-0.0748374
-0.0748374
-0.0748374
-0.0748374
-0.0748373
-0.0748374
-0.0748375
-0.0748375
-0.0748358
-0.0748370
-0.0748371
-0.0748371
-0.0748371
-0.0748371
-0.0748371
-0.0748374
-0.0748374
-0.0748373
-0.0748373
-0.0748373
-0.0748373
-0.0748373
-0.0748374
-0.0748374
-0.0748361
-0.0748370
-0.0748371
-0.0748371
-0.0748371
-0.0748371
-0.0748371
-0.0748373
-0.0748373
-0.0748373
-0.0748373
-0.0748373
-0.0748373
-0.0748373
-0.0748374
-0.0748374
-0.0748364
-0.0748371
-0.0748371
-0.0748371
-0.0748371
-0.0748371
-0.0748371
-0.0748373
-0.0748373
-0.0748373
-0.0748373
-0.0748373
-0.0748373
-0.0748373
-0.0748373
-0.0748373
-0.0748366
-0.0748371
-0.0748371
-0.0748372
-0.0748372
-0.0748371
-0.0748371
-0.0748373
-0.0748373
-0.0748373
-0.0748373
-0.0748373
-0.0748372
-0.0748373
-0.0748373
-0.0748373
-0.0748367
-0.0748371
-0.0748372
-0.0748372
-0.0748372
-0.0748372
-0.0748372
-0.0748373
-0.0748373
-0.0748372
-0.0748372
-0.0748372
-0.0748372
-0.0748372
-0.0748373
-0.0748373
-0.0748368
-0.0748371
-0.0748372
-0.0748372
-0.0748372
-0.0748372
-0.0748372
-0.0748372
-0.0748372
-0.0748372
-0.0748372
-0.0748372
-0.0748372
-0.0748372
-0.0748373
-0.0748373
-0.0748369
-0.0748371
-0.0748372
-0.0748372
-0.0748372
-0.0748372
-0.0748372
-0.0748372
-0.0748372
-0.0748372
-0.0748372
-0.0748372
-0.0748372
-0.0748372
-0.0748372
-0.0748372
-0.0748370
-0.0748372
-0.0748372
-0.0748372
-0.0748372
-0.0748372
-0.0748372
-0.0748372
-0.0748372
-0.0748372
-0.0748372
-0.0748372
-0.0748372
-0.0748372
-0.0748372
-0.0748372
-0.0748370
-0.0748372
-0.0748372
-0.0748372
-0.0748372
-0.0748372
-0.0748372
-0.0748372
-0.0748372
-0.0748372
-0.0748372
-0.0748372
-0.0748372
-0.0748372
-0.0748372
-0.0748372
-0.0748371
-0.0748372
-0.0748372
-0.0748372
-0.0748372
-0.0748372
-0.0748372
-0.0748372
-0.0748372
-0.0748372
-0.0748372
-0.0748372
-0.0748372
-0.0748372
-0.0748372
-0.0748372
-0.0748371
-0.0748372
-0.0748372
-0.0748372
-0.0748372
-0.0748372
-0.0748372
-0.0748372
-0.0748372
-0.0748372
-0.0748372
-0.0748372
-0.0748372
-0.0748372
-0.0748372
-0.0748372
-0.0748371
-0.0748372
-0.0748372
-0.0748372
-0.0748372
-0.0748372
-0.0748372
-0.0748372
-0.0748372
-0.0748372
-0.0748372
-0.0748372
-0.0748372
-0.0748372
-0.0748372
-0.0748372
-0.0748371
-0.0748372
-0.0748372
-0.0748372
-0.0748372
-0.0748372
-0.0748372
-0.0748372
-0.0748372
-0.0748372
-0.0748372
-0.0748372
-0.0748372
-0.0748372
-0.0748372
-0.0748372
-0.0748371
-0.0748372
-0.0748372
-0.0748372
-0.0748372
-0.0748372
-0.0748372
-0.0748372
-0.0748372
-0.0748372
-0.0748372
-0.0748372
-0.0748372
-0.0748372
-0.0748372
-0.0748372
-0.0748372
-0.0748372
-0.0748372
-0.0748372
-0.0748372
-0.0748372
-0.0748372
-0.0748372
-0.0748372
-0.0748372
-0.0748372
-0.0748372
-0.0748372
-0.0748372
-0.0748372
-0.0748372
-0.0748372
-0.0748372
-0.0748372
-0.0748372
-0.0748372
-0.0748372
-0.0748372
-0.0748372
-0.0748372
-0.0748372
-0.0748372
-0.0748372
-0.0748372
-0.0748372
-0.0748372
-0.0748372
-0.0748372
-0.0748372
-0.0748372
-0.0748372
-0.0748372
-0.0748372
-0.0748372
-0.0748372
-0.0748372
-0.0748372
-0.0748372
-0.0748372
-0.0748372
-0.0748372
-0.0748372
-0.0748372
-0.0748372
-0.0748372
-0.0748372
-0.0748372
-0.0748372
-0.0748372
-0.0748372
-0.0748372
-0.0748372
-0.0748372
-0.0748372
-0.0748372
-0.0748372
-0.0748372
-0.0748372
-0.0748372
-0.0748372
-0.0748372
-0.0748372
-0.0748372
-0.0748372
-0.0748372
-0.0748372
-0.0748372
-0.0748372
-0.0748372
-0.0748372
-0.0748372
-0.0748372
-0.0748372
-0.0748372
-0.0748372
-0.0748372
-0.0748372
-0.0748372
-0.0748372
-0.0748372
-0.0748372
-0.0748372
-0.0748372
-0.0748372
-0.0748372
-0.0748372
-0.0748372
-0.0748372
-0.0748372
-0.0748372
-0.0748372
-0.0748372
-0.0748372
-0.0748372
-0.0748372
-0.0748372
-0.0748372
-0.0748372
-0.0748372
-0.0748372
-0.0748372
-0.0748372
-0.0748372
-0.0748372
-0.0748372
-0.0748372
-0.0748372
-0.0748372
-0.0748372
-0.0748372
-0.0748372
-0.0748372
-0.0748372
-0.0748372
-0.0748372
-0.0748372
-0.0748372
-0.0748372
-0.0748372
-0.0748372
-0.0748372
-0.0748372
-0.0748372
-0.0748372
-0.0748372
-0.0748372
-0.0748372
-0.0748372
-0.0748372
-0.0748372
-0.0748372
-0.0748372
-0.0748372
-0.0748372
-0.0748372
-0.0748372
-0.0748372
-0.0748372
-0.0748372
-0.0748372
-0.0748372
-0.0748372
-0.0748372
-0.0748372
-0.0748372
-0.0748372
-0.0748372
-0.0748372
-0.0748372
-0.0748372
-0.0748372
-0.0748372
-0.0748372
-0.0748372
-0.0748372
-0.0748372
-0.0748372
-0.0748372
-0.0748372
-0.0748372
-0.0748372
-0.0748372
-0.0748372
-0.0748372
-0.0748372
-0.0748372
-0.0748372
-0.0748372
-0.0748372
-0.0748372
-0.0748372
-0.0748372
-0.0748372
-0.0748372
-0.0748372
-0.0748372
-0.0748372
-0.0748372
-0.0748372
-0.0748372
-0.0748372
-0.0748372
-0.0748372
-0.0748372
-0.0748372
-0.0748372
-0.0748372
-0.0748372
-0.0748372
-0.0748372
-0.0748372
-0.0748372
-0.0748372
-0.0748372
-0.0748372
-0.0748372
-0.0748372
-0.0748372
-0.0748372
-0.0748372
-0.0748372
-0.0748372
-0.0748372
-0.0748372
-0.0748372
-0.0748372
-0.0748372
-0.0748372
-0.0748372
-0.0748372
-0.0748372
-0.0748372
-0.0748372
-0.0748372
-0.0748372
-0.0748372
-0.0748372
-0.0748372
-0.0748372
-0.0748372
-0.0748372
-0.0748372
-0.0748372
-0.0748372
-0.0748372
-0.0748372
-0.0748372
-0.0748372
-0.0748372
-0.0748372
-0.0748372
-0.0748372
-0.0748372
-0.0748372
-0.0748372
-0.0748372
-0.0748372
-0.0748372
-0.0748372
-0.0748372
-0.0748372
-0.0748372
-0.0748372
-0.0748372
-0.0748372
-0.0748372
-0.0748372
-0.0748372
-0.0748372
-0.0748372
-0.0748372
-0.0748372
-0.0748372
-0.0748372
-0.0748372
-0.0748372
-0.0748372
-0.0748372
-0.0748372
-0.0748372
-0.0748372
-0.0748372
-0.0748372
-0.0748372
-0.0748372
-0.0748372
-0.0748372
-0.0748372
-0.0748372
-0.0748372
-0.0748372
-0.0748372
-0.0748372
-0.0748372
-0.0748372
-0.0748372
-0.0748372
-0.0748372
-0.0748372
-0.0748372
-0.0748372
-0.0748372
-0.0748372
-0.0748372
-0.0748372
-0.0748372
-0.0748372
-0.0748372
-0.0748372
-0.0748372
-0.0748372
-0.0748372
-0.0748372
-0.0748372
-0.0748372
-0.0748372
-0.0748372
-0.0748372
-0.0748372
-0.0748372
-0.0748372
-0.0748372
-0.0748372
-0.0748372
-0.0748372
-0.0748372
-0.0748372
-0.0748372
-0.0748372
-0.0748372
-0.0748372
-0.0748372
-0.0748372
-0.0748372
-0.0748372
-0.0748372
-0.0748372
-0.0748372
-0.0748372
-0.0748372
-0.0748372
-0.0748372
-0.0748372
-0.0748372
-0.0748372
-0.0748372
-0.0748372
-0.0748372
-0.0748372
-0.0748372
-0.0748372
-0.0748372
-0.0748372
-0.0748372
-0.0748372
-0.0748372
-0.0748372
-0.0748372
-0.0748372
-0.0748372
-0.0748372
-0.0748372
-0.0748372
-0.0748372
-0.0748372
-0.0748372
-0.0748372
-0.0748372
-0.0748372
-0.0748372
-0.0748372
-0.0748372
-0.0748372
-0.0748372
-0.0748372
-0.0748372
-0.0748372
-0.0748372
-0.0748372
-0.0748372
-0.0748372
-0.0748372
-0.0748372
-0.0748372
-0.0748372
-0.0748372
-0.0748372
-0.0748372
-0.0748372
-0.0748372
-0.0748372
-0.0748372
-0.0748372
-0.0748372
-0.0748372
-0.0748372
-0.0748372
-0.0748372
-0.0748372
-0.0748372
-0.0748372
-0.0748372
-0.0748372
-0.0748372
-0.0748372
-0.0748372
-0.0748372
-0.0748372
-0.0748372
-0.0748372
-0.0748372
-0.0748372
-0.0748372
-0.0748372
-0.0748372
-0.0748372
-0.0748372
-0.0748372
-0.0748372
-0.0748372
-0.0748372
-0.0748372
-0.0748372
-0.0748372
-0.0748372
-0.0748372
-0.0748372
-0.0748372
-0.0748372
-0.0748372
-0.0748372
-0.0748372
-0.0748372
-0.0748372
-0.0748372
-0.0748372
-0.0748372
-0.0748372
-0.0748372
-0.0748372
-0.0748372
-0.0748372
-0.0748372
-0.0748372
-0.0748372
-0.0748372
-0.0748372
-0.0748372
-0.0748372
-0.0748372
-0.0748372
-0.0748372
-0.0748372
-0.0748372
-0.0748372
-0.0748372
-0.0748372
-0.0748372
-0.0748372
-0.0748372
-0.0748372
-0.0748372
-0.0748372
-0.0748372
-0.0748372
-0.0748372
-0.0748372
-0.0748372
-0.0748372
-0.0748372
-0.0748372
-0.0748372
-0.0748372
-0.0748372
-0.0748372
-0.0748372
-0.0748372
-0.0748372
-0.0748372
-0.0748372
-0.0748372
-0.0748372
-0.0748372
-0.0748372
-0.0748372
-0.0748372
-0.0748372
-0.0748372
-0.0748372
-0.0748372
-0.0748372
-0.0748372
-0.0748372
-0.0748372
-0.0748372
-0.0748372
-0.0748372
-0.0748372
-0.0748372
-0.0748372
-0.0748372
-0.0748372
-0.0748372
-0.0748372
-0.0748372
-0.0748372
-0.0748372
-0.0748372
-0.0748372
-0.0748372
-0.0748372
-0.0748372
-0.0748372
-0.0748372
-0.0748372
-0.0748372
-0.0748372
-0.0748372
-0.0748372
-0.0748372
-0.0748372
-0.0748372
-0.0748372
-0.0748372
-0.0748372
-0.0748372
-0.0748372
-0.0748372
-0.0748372
-0.0748372
-0.0748372
-0.0748372
-0.0748372
-0.0748372
-0.0748372
-0.0748372
-0.0748372
-0.0748372
-0.0748372
-0.0748372
-0.0748372
-0.0748372
-0.0748372
-0.0748372
-0.0748372
-0.0748372
-0.0748372
-0.0748372
-0.0748372
-0.0748372
-0.0748372
-0.0748372
-0.0748372
-0.0748372
-0.0748372
-0.0748372
-0.0748372
-0.0748372
-0.0748372
-0.0748372
-0.0748372
-0.0748372
-0.0748372
-0.0748372
-0.0748372
-0.0748372
-0.0748372
-0.0748372
-0.0748372
-0.0748372
-0.0748372
-0.0748372
-0.0748372
-0.0748372
-0.0748372
-0.0748372
-0.0748372
-0.0748372
-0.0748372
-0.0748372
-0.0748372
-0.0748372
-0.0748372
-0.0748372
-0.0748372
-0.0748372
-0.0748372
-0.0748372
-0.0748372
-0.0748372
-0.0748372
-0.0748372
-0.0748372
-0.0748372
-0.0748372
-0.0748372
-0.0748372
-0.0748372
-0.0748372
-0.0748372
-0.0748372
-0.0748372
-0.0748372
-0.0748372
-0.0748372
-0.0748372
-0.0748372
-0.0748372
-0.0748372
-0.0748372
-0.0748372
-0.0748372
-0.0748372
-0.0748372
-0.0748372
-0.0748372
-0.0748372
-0.0748372
-0.0748372
-0.0748372
-0.0748372
-0.0748372
-0.0748372
-0.0748372
-0.0748372
-0.0748372
-0.0748372
-0.0748372
-0.0748372
-0.0748372
-0.0748372
-0.0748372
-0.0748372
-0.0748372
-0.0748372
-0.0748372
-0.0748372
-0.0748372
-0.0748372
-0.0748372
-0.0748372
-0.0748372
-0.0748372
-0.0748372
-0.0748372
-0.0748372
-0.0748372
-0.0748372
-0.0748372
-0.0748372
-0.0748372
-0.0748372
-0.0748372
-0.0748372
-0.0748372
-0.0748372
-0.0748372
-0.0748372
-0.0748372
-0.0748372
-0.0748372
-0.0748372
-0.0748372
-0.0748372
-0.0748372
-0.0748372
-0.0748372
-0.0748372
-0.0748372
-0.0748372
-0.0748372
-0.0748372
-0.0748372
-0.0748372
-0.0748372
-0.0748372
-0.0748372
-0.0748372
-0.0748372
-0.0748372
-0.0748372
-0.0748372
-0.0748372
-0.0748372
-0.0748372
-0.0748372
-0.0748372
-0.0748372
-0.0748372
-0.0748372
-0.0748372
-0.0748372
-0.0748372
-0.0748372
-0.0748372
-0.0748372
-0.0748372
-0.0748372
-0.0748372
-0.0748372
-0.0748372
-0.0748372
-0.0748372
-0.0748372
-0.0748372
-0.0748372
-0.0748372
-0.0748372
-0.0748372
-0.0748372
-0.0748372
-0.0748372
-0.0748372
-0.0748372
-0.0748372
-0.0748372
-0.0748372
-0.0748372
-0.0748372
-0.0748372
-0.0748372
-0.0748372
-0.0748372
-0.0748372
-0.0748372
-0.0748372
-0.0748372
-0.0748372
-0.0748372
-0.0748372
-0.0748372
-0.0748372
-0.0748372
-0.0748372
-0.0748372
-0.0748372
-0.0748372
-0.0748372
-0.0748372
-0.0748372
-0.0748372
-0.0748372
-0.0748372
-0.0748372
-0.0748372
-0.0748372
-0.0748372
-0.0748372
-0.0748372
-0.0748372
-0.0748372
-0.0748372
-0.0748372
-0.0748372
-0.0748372
-0.0748372
-0.0748372
-0.0748372
-0.0748372
-0.0748372
-0.0748372
-0.0748372
-0.0748372
-0.0748372
-0.0748372
-0.0748372
-0.0748372
-0.0748372
-0.0748372
-0.0748372
-0.0748372
-0.0748372
-0.0748372
-0.0748372
-0.0748372
-0.0748372
-0.0748372
-0.0748372
-0.0748372
-0.0748372
-0.0748372
-0.0748372
-0.0748372
-0.0748372
-0.0748372
-0.0748372
-0.0748372
-0.0748372
-0.0748372
-0.0748372
-0.0748372
-0.0748372
-0.0748372
-0.0748372
-0.0748372
-0.0748372
-0.0748372
-0.0748372
-0.0748372
-0.0748372
-0.0748372
-0.0748372
-0.0748372
-0.0748372
-0.0748372
-0.0748372
-0.0748372
-0.0748372
-0.0748372
-0.0748372
-0.0748372
-0.0748372
-0.0748372
-0.0748372
-0.0748372
-0.0748372
-0.0748372
-0.0748372
-0.0748372
-0.0748372
-0.0748372
-0.0748372
-0.0748372
-0.0748372
-0.0748372
-0.0748372
-0.0748372
-0.0748372
-0.0748372
-0.0748372
-0.0748372
-0.0748372
-0.0748372
-0.0748372
-0.0748372
-0.0748372
-0.0748372
-0.0748372
-0.0748372
-0.0748372
-0.0748372
-0.0748372
-0.0748372
-0.0748372
-0.0748372
-0.0748372
-0.0748372
-0.0748372
-0.0748372
-0.0748372
-0.0748372
-0.0748372
-0.0748372
-0.0748372
-0.0748372
-0.0748372
-0.0748372
-0.0748372
-0.0748372
-0.0748372
-0.0748372
-0.0748372
-0.0748372
-0.0748372
-0.0748372
-0.0748372
-0.0748372
-0.0748372
-0.0748372
-0.0748372
-0.0748372
-0.0748372
-0.0748372
-0.0748372
-0.0748372
-0.0748372
-0.0748372
-0.0748372
-0.0748372
-0.0748372
-0.0748372
-0.0748372
-0.0748372
-0.0748372
-0.0748372
-0.0748372
-0.0748372
-0.0748372
-0.0748372
-0.0748372
-0.0748372
-0.0748372
-0.0748372
-0.0748372
-0.0748372
-0.0748372
-0.0748372
-0.0748372
-0.0748372
-0.0748372
-0.0748372
-0.0748372
-0.0748372
-0.0748372
-0.0748372
-0.0748372
-0.0748372
-0.0748372
-0.0748372
-0.0748372
-0.0748372
-0.0748372
-0.0748372
-0.0748372
-0.0748372
-0.0748372
-0.0748372
-0.0748372
-0.0748372
-0.0748372
-0.0748372
-0.0748372
-0.0748372
-0.0748372
-0.0748372
-0.0748372
-0.0748372
-0.0748372
-0.0748372
-0.0748372
-0.0748372
-0.0748372
-0.0748372
-0.0748372
-0.0748372
-0.0748372
-0.0748372
-0.0748372
-0.0748372
-0.0748372
-0.0748372
-0.0748372
-0.0748372
-0.0748372
-0.0748372
-0.0748372
-0.0748372
-0.0748372
-0.0748372
-0.0748372
-0.0748372
-0.0748372
-0.0748372
-0.0748372
-0.0748372
-0.0748372
-0.0748372
-0.0748372
-0.0748372
-0.0748372
-0.0748372
-0.0748372
-0.0748372
-0.0748372
-0.0748372
-0.0748372
-0.0748372
-0.0748372
-0.0748372
-0.0748372
-0.0748372
-0.0748372
-0.0748372
-0.0748372
-0.0748372
-0.0748372
-0.0748372
-0.0748372
-0.0748372
-0.0748372
-0.0748372
-0.0748372
-0.0748372
-0.0748372
-0.0748372
-0.0748372
-0.0748372
-0.0748372
-0.0748372
-0.0748372
-0.0748372
-0.0748372
-0.0748372
-0.0748372
-0.0748372
-0.0748372
-0.0748372
-0.0748372
-0.0748372
-0.0748372
-0.0748372
-0.0748372
-0.0748372
-0.0748372
-0.0748372
-0.0748372
-0.0748372
-0.0748372
-0.0748372
-0.0748372
-0.0748372
-0.0748372
-0.0748372
-0.0748372
-0.0748372
-0.0748372
-0.0748372
-0.0748372
-0.0748372
-0.0748372
-0.0748372
-0.0748372
-0.0748372
-0.0748372
-0.0748372
-0.0748372
-0.0748372
-0.0748372
-0.0748372
-0.0748372
-0.0748372
-0.0748372
-0.0748372
-0.0748372
-0.0748372
-0.0748372
-0.0748372
-0.0748372
-0.0748372
-0.0748372
-0.0748372
-0.0748372
-0.0748372
-0.0748372
-0.0748372
-0.0748372
-0.0748372
-0.0748372
-0.0748372
-0.0748372
-0.0748372
-0.0748372
-0.0748372
-0.0748372
-0.0748372
-0.0748372
-0.0748372
-0.0748372
-0.0748372
-0.0748372
-0.0748372
-0.0748372
-0.0748372
-0.0748372
-0.0748372
-0.0748372
-0.0748372
-0.0748372
-0.0748372
-0.0748372
-0.0748372
-0.0748372
-0.0748372
-0.0748372
-0.0748372
-0.0748372
-0.0748372
-0.0748372
-0.0748372
-0.0748372
-0.0748372
-0.0748372
-0.0748372
-0.0748372
-0.0748372
-0.0748372
-0.0748372
-0.0748372
-0.0748372
-0.0748372
-0.0748372
-0.0748372
-0.0748372
-0.0748372
-0.0748372
-0.0748372
-0.0748372
-0.0748372
-0.0748372
-0.0748372
-0.0748372
-0.0748372
-0.0748372
-0.0748372
-0.0748372
-0.0748372
-0.0748372
-0.0748372
-0.0748372
-0.0748372
-0.0748372
-0.0748372
-0.0748372
-0.0748372
-0.0748372
-0.0748372
-0.0748372
-0.0748372
-0.0748372
-0.0748372
-0.0748372
-0.0748372
-0.0748372
-0.0748372
-0.0748372
-0.0748372
-0.0748372
-0.0748372
-0.0748372
-0.0748372
-0.0748372
-0.0748372
-0.0748372
-0.0748372
-0.0748372
-0.0748372
-0.0748372
-0.0748372
-0.0748372
-0.0748372
-0.0748372
-0.0748372
-0.0748372
-0.0748372
-0.0748372
-0.0748372
-0.0748372
-0.0748372
-0.0748372
-0.0748372
-0.0748372
-0.0748372
-0.0748372
-0.0748372
-0.0748372
-0.0748372
-0.0748372
-0.0748372
-0.0748372
-0.0748372
-0.0748372
-0.0748372
-0.0748372
-0.0748372
-0.0748372
-0.0748372
-0.0748372
-0.0748372
-0.0748372
-0.0748372
-0.0748372
-0.0748372
-0.0748372
-0.0748372
-0.0748372
-0.0748372
-0.0748372
-0.0748372
-0.0748372
-0.0748372
-0.0748372
-0.0748372
-0.0748372
-0.0748372
-0.0748372
-0.0748372
-0.0748372
-0.0748372
-0.0748372
-0.0748372
-0.0748372
-0.0748372
-0.0748372
-0.0748372
-0.0748372
-0.0748372
-0.0748372
-0.0748372
-0.0748372
-0.0748372
-0.0748372
-0.0748372
-0.0748372
-0.0748372
-0.0748372
-0.0748372
-0.0748372
-0.0748372
-0.0748372
-0.0748372
-0.0748372
-0.0748372
-0.0748372
-0.0748372
-0.0748372
-0.0748372
-0.0748372
-0.0748372
-0.0748372
-0.0748372
-0.0748372
-0.0748372
-0.0748372
-0.0748372
-0.0748372
-0.0748372
-0.0748372
-0.0748372
-0.0748372
-0.0748372
-0.0748372
-0.0748372
-0.0748372
-0.0748372
-0.0748372
-0.0748372
-0.0748372
-0.0748372
-0.0748372
-0.0748372
-0.0748372
-0.0748372
-0.0748372
-0.0748372
-0.0748372
-0.0748372
-0.0748372
-0.0748372
-0.0748372
-0.0748372
-0.0748372
-0.0748372
-0.0748372
-0.0748372
-0.0748372
-0.0748372
-0.0748372
-0.0748372
-0.0748372
-0.0748372
-0.0748372
-0.0748372
-0.0748372
-0.0748372
-0.0748372
-0.0748372
-0.0748372
-0.0748372
-0.0748372
-0.0748372
-0.0748372
-0.0748372
-0.0748372
-0.0748372
-0.0748372
-0.0748372
-0.0748372
-0.0748372
-0.0748372
-0.0748372
-0.0748372
-0.0748372
-0.0748372
-0.0748372
-0.0748372
-0.0748372
-0.0748372
-0.0748372
-0.0748372
-0.0748372
-0.0748372
-0.0748372
-0.0748372
-0.0748372
-0.0748372
-0.0748372
-0.0748372
-0.0748372
-0.0748372
-0.0748372
-0.0748372
-0.0748372
-0.0748372
-0.0748372
-0.0748372
-0.0748372
-0.0748372
-0.0748372
-0.0748372
-0.0748372
-0.0748372
-0.0748372
-0.0748372
-0.0748372
-0.0748372
-0.0748372
-0.0748372
-0.0748372
-0.0748372
-0.0748372
-0.0748372
-0.0748372
-0.0748372
-0.0748372
-0.0748372
-0.0748372
-0.0748372
-0.0748372
-0.0748372
-0.0748372
-0.0748372
-0.0748372
-0.0748372
-0.0748372
-0.0748372
-0.0748372
-0.0748372
-0.0748372
-0.0748372
-0.0748372
-0.0748372
-0.0748372
-0.0748372
-0.0748372
-0.0748372
-0.0748372
-0.0748372
-0.0748372
-0.0748372
-0.0748372
-0.0748372
-0.0748372
-0.0748372
-0.0748372
-0.0748372
-0.0748372
-0.0748372
-0.0748372
-0.0748372
-0.0748372
-0.0748372
-0.0748372
-0.0748372
-0.0748372
-0.0748372
-0.0748372
-0.0748372
-0.0748372
-0.0748372
-0.0748372
-0.0748372
-0.0748372
-0.0748372
-0.0748372
-0.0748372
-0.0748372
-0.0748372
-0.0748372
-0.0748372
-0.0748372
-0.0748372
-0.0748372
-0.0748372
-0.0748372
-0.0748372
-0.0748372
-0.0748372
-0.0748372
-0.0748372
-0.0748372
-0.0748372
-0.0748372
-0.0748372
-0.0748372
-0.0748372
-0.0748372
-0.0748372
-0.0748372
-0.0748372
-0.0748372
-0.0748372
-0.0748372
-0.0748372
-0.0748372
-0.0748372
-0.0748372
-0.0748372
-0.0748372
-0.0748372
-0.0748372
-0.0748372
-0.0748372
-0.0748372
-0.0748372
-0.0748372
-0.0748372
-0.0748372
-0.0748372
-0.0748372
-0.0748372
-0.0748372
-0.0748372
-0.0748372
-0.0748372
-0.0748372
-0.0748372
-0.0748372
-0.0748372
-0.0748372
-0.0748372
-0.0748372
-0.0748372
-0.0748372
-0.0748372
-0.0748372
-0.0748372
-0.0748372
-0.0748372
-0.0748372
-0.0748372
-0.0748372
-0.0748372
-0.0748372
-0.0748372
-0.0748372
-0.0748372
-0.0748372
-0.0748372
-0.0748372
-0.0748372
-0.0748372
-0.0748372
-0.0748372
-0.0748372
-0.0748372
-0.0748372
-0.0748372
-0.0748372
-0.0748372
-0.0748372
-0.0748372
-0.0748372
-0.0748372
-0.0748372
-0.0748372
-0.0748372
-0.0748372
-0.0748372
-0.0748372
-0.0748372
-0.0748372
-0.0748372
-0.0748372
-0.0748372
-0.0748372
-0.0748372
-0.0748372
-0.0748372
-0.0748372
-0.0748372
-0.0748372
-0.0748372
-0.0748372
-0.0748372
-0.0748372
-0.0748372
-0.0748372
-0.0748372
-0.0748372
-0.0748372
-0.0748372
-0.0748372
-0.0748372
-0.0748372
-0.0748372
-0.0748372
-0.0748372
-0.0748372
-0.0748372
-0.0748372
-0.0748372
-0.0748372
-0.0748372
-0.0748372
-0.0748372
-0.0748372
-0.0748372
-0.0748372
-0.0748372
-0.0748372
-0.0748372
-0.0748372
-0.0748372
-0.0748372
-0.0748372
-0.0748372
-0.0748372
-0.0748372
-0.0748372
-0.0748372
-0.0748372
-0.0748372
-0.0748372
-0.0748372
-0.0748372
-0.0748372
-0.0748372
-0.0748372
-0.0748372
-0.0748372
-0.0748372
-0.0748372
-0.0748372
-0.0748372
-0.0748372
-0.0748372
-0.0748372
-0.0748372
-0.0748372
-0.0748372
-0.0748372
-0.0748372
-0.0748372
-0.0748372
-0.0748372
-0.0748372
-0.0748372
-0.0748372
-0.0748372
-0.0748372
-0.0748372
-0.0748372
-0.0748372
-0.0748372
-0.0748372
-0.0748372
-0.0748372
-0.0748372
-0.0748372
-0.0748372
-0.0748372
-0.0748372
-0.0748372
-0.0748372
-0.0748372
-0.0748372
-0.0748372
-0.0748372
-0.0748372
-0.0748372
-0.0748372
-0.0748372
-0.0748372
-0.0748372
-0.0748372
-0.0748372
-0.0748372
-0.0748372
-0.0748372
-0.0748372
-0.0748372
-0.0748372
-0.0748372
-0.0748372
-0.0748372
-0.0748372
-0.0748372
-0.0748372
-0.0748372
-0.0748372
-0.0748372
-0.0748372
-0.0748372
-0.0748372
-0.0748372
-0.0748372
-0.0748372
-0.0748372
-0.0748372
-0.0748372
-0.0748372
-0.0748372
-0.0748372
-0.0748372
-0.0748372
-0.0748372
-0.0748372
-0.0748372
-0.0748372
-0.0748372
-0.0748372
-0.0748372
-0.0748372
-0.0748372
-0.0748372
-0.0748372
-0.0748372
-0.0748372
-0.0748372
-0.0748372
-0.0748372
-0.0748372
-0.0748372
-0.0748372
-0.0748372
-0.0748372
-0.0748372
-0.0748372
-0.0748372
-0.0748372
-0.0748372
-0.0748372
-0.0748372
-0.0748372
-0.0748372
-0.0748372
-0.0748372
-0.0748372
-0.0748372
-0.0748372
-0.0748372
-0.0748372
-0.0748372
-0.0748372
-0.0748372
-0.0748372
-0.0748372
-0.0748372
-0.0748372
-0.0748372
-0.0748372
-0.0748372
-0.0748372
-0.0748372
-0.0748372
-0.0748372
-0.0748372
-0.0748372
-0.0748372
-0.0748372
-0.0748372
-0.0748372
-0.0748372
-0.0748372
-0.0748372
-0.0748372
-0.0748372
-0.0748372
-0.0748372
-0.0748372
-0.0748372
-0.0748372
-0.0748372
-0.0748372
-0.0748372
-0.0748372
-0.0748372
-0.0748372
-0.0748372
-0.0748372
-0.0748372
-0.0748372
-0.0748372
-0.0748372
-0.0748372
-0.0748372
-0.0748372
-0.0748372
-0.0748372
-0.0748372
-0.0748372
-0.0748372
-0.0748372
-0.0748372
-0.0748372
-0.0748372
-0.0748372
-0.0748372
-0.0748372
-0.0748372
-0.0748372
-0.0748372
-0.0748372
-0.0748372
-0.0748372
-0.0748372
-0.0748372
-0.0748372
-0.0748372
-0.0748372
-0.0748372
-0.0748372
-0.0748372
-0.0748372
-0.0748372
-0.0748372
-0.0748372
-0.0748372
-0.0748372
-0.0748372
-0.0748372
-0.0748372
-0.0748372
-0.0748372
-0.0748372
-0.0748372
-0.0748372
-0.0748372
-0.0748372
-0.0748372
-0.0748372
-0.0748372
-0.0748372
-0.0748372
-0.0748372
-0.0748372
-0.0748372
-0.0748372
-0.0748372
-0.0748372
-0.0748372
-0.0748372
-0.0748372
-0.0748372
-0.0748372
-0.0748372
-0.0748372
-0.0748372
-0.0748372
-0.0748372
-0.0748372
-0.0748372
-0.0748372
-0.0748372
-0.0748372
-0.0748372
-0.0748372
-0.0748372
-0.0748372
-0.0748372
-0.0748372
-0.0748372
-0.0748372
-0.0748372
-0.0748372
-0.0748372
-0.0748372
-0.0748372
-0.0748372
-0.0748372
-0.0748372
-0.0748372
-0.0748372
-0.0748372
-0.0748372
-0.0748372
-0.0748372
-0.0748372
-0.0748372
-0.0748372
-0.0748372
-0.0748372
-0.0748372
-0.0748372
-0.0748372
-0.0748372
-0.0748372
-0.0748372
-0.0748372
-0.0748372
-0.0748372
-0.0748372
-0.0748372
-0.0748372
-0.0748372
-0.0748372
-0.0748372
-0.0748372
-0.0748372
-0.0748372
-0.0748372
-0.0748372
-0.0748372
-0.0748372
-0.0748372
-0.0748372
-0.0748372
-0.0748372
-0.0748372
-0.0748372
-0.0748372
-0.0748372
-0.0748372
-0.0748372
-0.0748372
-0.0748372
-0.0748372
-0.0748372
-0.0748372
-0.0748372
-0.0748372
-0.0748372
-0.0748372
-0.0748372
-0.0748372
-0.0748372
-0.0748372
-0.0748372
-0.0748372
-0.0748372
-0.0748372
-0.0748372
-0.0748372
-0.0748372
-0.0748372
-0.0748372
-0.0748372
-0.0748372
-0.0748372
-0.0748372
-0.0748372
-0.0748372
-0.0748372
-0.0748372
-0.0748372
-0.0748372
-0.0748372
-0.0748372
-0.0748372
-0.0748372
-0.0748372
-0.0748372
-0.0748372
-0.0748372
-0.0748372
-0.0748372
-0.0748372
-0.0748372
-0.0748372
-0.0748372
-0.0748372
-0.0748372
-0.0748372
-0.0748372
-0.0748372
-0.0748372
-0.0748372
-0.0748372
-0.0748372
-0.0748372
-0.0748372
-0.0748372
-0.0748372
-0.0748372
-0.0748372
-0.0748372
-0.0748372
-0.0748372
-0.0748372
-0.0748372
-0.0748372
-0.0748372
-0.0748372
-0.0748372
-0.0748372
-0.0748372
-0.0748372
-0.0748372
-0.0748372
-0.0748372
-0.0748372
-0.0748372
-0.0748372
-0.0748372
-0.0748372
-0.0748372
-0.0748372
-0.0748372
-0.0748372
-0.0748372
-0.0748372
-0.0748372
-0.0748372
-0.0748372
-0.0748372
-0.0748372
-0.0748372
-0.0748372
-0.0748372
-0.0748372
-0.0748372
-0.0748372
-0.0748372
-0.0748372
-0.0748372
-0.0748372
-0.0748372
-0.0748372
-0.0748372
-0.0748372
-0.0748372
-0.0748372
-0.0748372
-0.0748372
-0.0748372
-0.0748372
-0.0748372
-0.0748372
-0.0748372
-0.0748372
-0.0748372
-0.0748372
-0.0748372
-0.0748372
-0.0748372
-0.0748372
-0.0748372
-0.0748372
-0.0748372
-0.0748372
-0.0748372
-0.0748372
-0.0748372
-0.0748372
-0.0748372
-0.0748372
-0.0748372
-0.0748372
-0.0748372
-0.0748372
-0.0748372
-0.0748372
-0.0748372
-0.0748372
-0.0748372
-0.0748372
-0.0748372
-0.0748372
-0.0748372
-0.0748372
-0.0748372
-0.0748372
-0.0748372
-0.0748372
-0.0748372
-0.0748372
-0.0748372
-0.0748372
-0.0748372
-0.0748372
-0.0748372
-0.0748372
-0.0748372
-0.0748372
-0.0748372
-0.0748372
-0.0748372
-0.0748372
-0.0748372
-0.0748372
-0.0748372
-0.0748372
-0.0748372
-0.0748372
-0.0748372
-0.0748372
-0.0748372
-0.0748372
-0.0748372
-0.0748372
-0.0748372
-0.0748372
-0.0748372
-0.0748372
-0.0748372
-0.0748372
-0.0748372
-0.0748372
-0.0748372
