manifold_3_9_1001=[[1,2,3,4],[1,2,3,5],[1,2,4,6],
  [1,2,5,7],[1,2,6,8],[1,2,7,8],[1,3,4,5],
  [1,4,5,6],[1,5,6,9],[1,5,7,9],[1,6,7,8],
  [1,6,7,9],[2,3,4,5],[2,4,5,8],[2,4,6,8],
  [2,5,7,8],[4,5,6,8],[5,6,7,8],[5,6,7,9]]

manifold_3_9_1002=[[1,2,3,4],[1,2,3,5],[1,2,4,6],
  [1,2,5,7],[1,2,6,8],[1,2,7,8],[1,3,4,5],
  [1,4,5,6],[1,5,6,9],[1,5,7,9],[1,6,7,8],
  [1,6,7,9],[2,3,4,5],[2,4,5,8],[2,4,6,8],
  [2,5,7,8],[4,5,6,8],[5,6,8,9],[5,7,8,9],
  [6,7,8,9]]

manifold_3_9_1003=[[1,2,3,4],[1,2,3,5],[1,2,4,6],
  [1,2,5,7],[1,2,6,8],[1,2,7,8],[1,3,4,5],
  [1,4,5,6],[1,5,6,9],[1,5,7,9],[1,6,7,8],
  [1,6,7,9],[2,3,4,5],[2,4,5,8],[2,4,6,8],
  [2,5,7,8],[4,5,6,9],[4,5,8,9],[4,6,8,9],
  [5,7,8,9],[6,7,8,9]]

manifold_3_9_1004=[[1,2,3,4],[1,2,3,5],[1,2,4,6],
  [1,2,5,7],[1,2,6,8],[1,2,7,8],[1,3,4,5],
  [1,4,5,6],[1,5,6,9],[1,5,7,9],[1,6,7,8],
  [1,6,7,9],[2,3,4,5],[2,4,5,8],[2,4,6,8],
  [2,5,7,9],[2,5,8,9],[2,7,8,9],[4,5,6,8],
  [5,6,8,9],[6,7,8,9]]

manifold_3_9_1005=[[1,2,3,4],[1,2,3,5],[1,2,4,6],
  [1,2,5,7],[1,2,6,8],[1,2,7,8],[1,3,4,5],
  [1,4,5,6],[1,5,6,9],[1,5,7,9],[1,6,7,8],
  [1,6,7,9],[2,3,4,5],[2,4,5,8],[2,4,6,8],
  [2,5,7,9],[2,5,8,9],[2,7,8,9],[4,5,6,9],
  [4,5,8,9],[4,6,8,9],[6,7,8,9]]

manifold_3_9_1006=[[1,2,3,4],[1,2,3,5],[1,2,4,6],
  [1,2,5,7],[1,2,6,8],[1,2,7,8],[1,3,4,5],
  [1,4,5,6],[1,5,6,9],[1,5,7,9],[1,6,7,8],
  [1,6,7,9],[2,3,4,5],[2,4,5,8],[2,4,6,9],
  [2,4,8,9],[2,5,7,8],[2,6,8,9],[4,5,6,9],
  [4,5,8,9],[5,7,8,9],[6,7,8,9]]

manifold_3_9_1007=[[1,2,3,4],[1,2,3,5],[1,2,4,6],
  [1,2,5,7],[1,2,6,8],[1,2,7,8],[1,3,4,5],
  [1,4,5,6],[1,5,6,9],[1,5,7,9],[1,6,7,8],
  [1,6,7,9],[2,3,4,6],[2,3,5,6],[2,5,6,7],
  [2,6,7,8],[3,4,5,6],[5,6,7,9]]

manifold_3_9_1008=[[1,2,3,4],[1,2,3,5],[1,2,4,6],
  [1,2,5,7],[1,2,6,8],[1,2,7,8],[1,3,4,5],
  [1,4,5,6],[1,5,6,9],[1,5,7,9],[1,6,7,8],
  [1,6,7,9],[2,3,4,6],[2,3,5,7],[2,3,6,7],
  [2,6,7,8],[3,4,5,6],[3,5,6,7],[5,6,7,9]]

manifold_3_9_1009=[[1,2,3,4],[1,2,3,5],[1,2,4,6],
  [1,2,5,7],[1,2,6,8],[1,2,7,8],[1,3,4,5],
  [1,4,5,6],[1,5,6,9],[1,5,7,9],[1,6,7,8],
  [1,6,7,9],[2,3,4,6],[2,3,5,7],[2,3,6,7],
  [2,6,7,8],[3,4,5,6],[3,5,6,9],[3,5,7,9],
  [3,6,7,9]]

manifold_3_9_1010=[[1,2,3,4],[1,2,3,5],[1,2,4,6],
  [1,2,5,7],[1,2,6,8],[1,2,7,8],[1,3,4,5],
  [1,4,5,6],[1,5,6,9],[1,5,7,9],[1,6,7,8],
  [1,6,7,9],[2,3,4,6],[2,3,5,7],[2,3,6,7],
  [2,6,7,8],[3,4,5,7],[3,4,6,7],[4,5,6,9],
  [4,5,7,9],[4,6,7,9]]

manifold_3_9_1011=[[1,2,3,4],[1,2,3,5],[1,2,4,6],
  [1,2,5,7],[1,2,6,8],[1,2,7,8],[1,3,4,5],
  [1,4,5,6],[1,5,6,9],[1,5,7,9],[1,6,7,8],
  [1,6,7,9],[2,3,4,6],[2,3,5,7],[2,3,6,7],
  [2,6,7,8],[3,4,5,7],[3,4,6,9],[3,4,7,9],
  [3,6,7,9],[4,5,6,9],[4,5,7,9]]

manifold_3_9_1012=[[1,2,3,4],[1,2,3,5],[1,2,4,6],
  [1,2,5,7],[1,2,6,8],[1,2,7,8],[1,3,4,5],
  [1,4,5,6],[1,5,6,9],[1,5,7,9],[1,6,7,8],
  [1,6,7,9],[2,3,4,6],[2,3,5,7],[2,3,6,7],
  [2,6,7,8],[3,4,5,9],[3,4,6,7],[3,4,7,9],
  [3,5,7,9],[4,5,6,9],[4,6,7,9]]

manifold_3_9_1013=[[1,2,3,4],[1,2,3,5],[1,2,4,6],
  [1,2,5,7],[1,2,6,8],[1,2,7,8],[1,3,4,5],
  [1,4,5,6],[1,5,6,9],[1,5,7,9],[1,6,7,8],
  [1,6,7,9],[2,3,4,6],[2,3,5,7],[2,3,6,7],
  [2,6,7,8],[3,4,5,9],[3,4,6,9],[3,5,7,9],
  [3,6,7,9],[4,5,6,9]]

manifold_3_9_1014=[[1,2,3,4],[1,2,3,5],[1,2,4,6],
  [1,2,5,7],[1,2,6,8],[1,2,7,8],[1,3,4,5],
  [1,4,5,6],[1,5,6,9],[1,5,7,9],[1,6,7,8],
  [1,6,7,9],[2,3,4,6],[2,3,5,7],[2,3,6,8],
  [2,3,7,8],[3,4,5,6],[3,5,6,8],[3,5,7,8],
  [5,6,7,8],[5,6,7,9]]

manifold_3_9_1015=[[1,2,3,4],[1,2,3,5],[1,2,4,6],
  [1,2,5,7],[1,2,6,8],[1,2,7,8],[1,3,4,5],
  [1,4,5,6],[1,5,6,9],[1,5,7,9],[1,6,7,8],
  [1,6,7,9],[2,3,4,6],[2,3,5,7],[2,3,6,8],
  [2,3,7,8],[3,4,5,6],[3,5,6,8],[3,5,7,8],
  [5,6,8,9],[5,7,8,9],[6,7,8,9]]

manifold_3_9_1016=[[1,2,3,4],[1,2,3,5],[1,2,4,6],
  [1,2,5,7],[1,2,6,8],[1,2,7,8],[1,3,4,5],
  [1,4,5,6],[1,5,6,9],[1,5,7,9],[1,6,7,8],
  [1,6,7,9],[2,3,4,6],[2,3,5,7],[2,3,6,8],
  [2,3,7,8],[3,4,5,6],[3,5,6,9],[3,5,7,9],
  [3,6,7,8],[3,6,7,9]]

manifold_3_9_1017=[[1,2,3,4],[1,2,3,5],[1,2,4,6],
  [1,2,5,7],[1,2,6,8],[1,2,7,8],[1,3,4,5],
  [1,4,5,6],[1,5,6,9],[1,5,7,9],[1,6,7,8],
  [1,6,7,9],[2,3,4,6],[2,3,5,7],[2,3,6,8],
  [2,3,7,8],[3,4,5,6],[3,5,6,9],[3,5,7,9],
  [3,6,8,9],[3,7,8,9],[6,7,8,9]]

manifold_3_9_1018=[[1,2,3,4],[1,2,3,5],[1,2,4,6],
  [1,2,5,7],[1,2,6,8],[1,2,7,8],[1,3,4,5],
  [1,4,5,6],[1,5,6,9],[1,5,7,9],[1,6,7,8],
  [1,6,7,9],[2,3,4,6],[2,3,5,7],[2,3,6,8],
  [2,3,7,8],[3,4,5,7],[3,4,6,7],[3,6,7,8],
  [4,5,6,7],[5,6,7,9]]

manifold_3_9_1019=[[1,2,3,4],[1,2,3,5],[1,2,4,6],
  [1,2,5,7],[1,2,6,8],[1,2,7,8],[1,3,4,5],
  [1,4,5,6],[1,5,6,9],[1,5,7,9],[1,6,7,8],
  [1,6,7,9],[2,3,4,6],[2,3,5,7],[2,3,6,8],
  [2,3,7,8],[3,4,5,7],[3,4,6,7],[3,6,7,8],
  [4,5,6,9],[4,5,7,9],[4,6,7,9]]

manifold_3_9_1020=[[1,2,3,4],[1,2,3,5],[1,2,4,6],
  [1,2,5,7],[1,2,6,8],[1,2,7,8],[1,3,4,5],
  [1,4,5,6],[1,5,6,9],[1,5,7,9],[1,6,7,8],
  [1,6,7,9],[2,3,4,6],[2,3,5,7],[2,3,6,8],
  [2,3,7,8],[3,4,5,7],[3,4,6,8],[3,4,7,8],
  [4,5,6,9],[4,5,7,9],[4,6,8,9],[4,7,8,9],
  [6,7,8,9]]

manifold_3_9_1021=[[1,2,3,4],[1,2,3,5],[1,2,4,6],
  [1,2,5,7],[1,2,6,8],[1,2,7,8],[1,3,4,5],
  [1,4,5,6],[1,5,6,9],[1,5,7,9],[1,6,7,8],
  [1,6,7,9],[2,3,4,6],[2,3,5,7],[2,3,6,8],
  [2,3,7,8],[3,4,5,7],[3,4,6,9],[3,4,7,9],
  [3,6,7,8],[3,6,7,9],[4,5,6,9],[4,5,7,9]]

manifold_3_9_1022=[[1,2,3,4],[1,2,3,5],[1,2,4,6],
  [1,2,5,7],[1,2,6,8],[1,2,7,8],[1,3,4,5],
  [1,4,5,6],[1,5,6,9],[1,5,7,9],[1,6,7,8],
  [1,6,7,9],[2,3,4,6],[2,3,5,7],[2,3,6,8],
  [2,3,7,8],[3,4,5,7],[3,4,6,9],[3,4,7,9],
  [3,6,8,9],[3,7,8,9],[4,5,6,9],[4,5,7,9],
  [6,7,8,9]]

manifold_3_9_1023=[[1,2,3,4],[1,2,3,5],[1,2,4,6],
  [1,2,5,7],[1,2,6,8],[1,2,7,8],[1,3,4,5],
  [1,4,5,6],[1,5,6,9],[1,5,7,9],[1,6,7,8],
  [1,6,7,9],[2,3,4,6],[2,3,5,7],[2,3,6,8],
  [2,3,7,8],[3,4,5,8],[3,4,6,8],[3,5,7,8],
  [4,5,6,9],[4,5,8,9],[4,6,8,9],[5,7,8,9],
  [6,7,8,9]]

manifold_3_9_1024=[[1,2,3,4],[1,2,3,5],[1,2,4,6],
  [1,2,5,7],[1,2,6,8],[1,2,7,8],[1,3,4,5],
  [1,4,5,6],[1,5,6,9],[1,5,7,9],[1,6,7,8],
  [1,6,7,9],[2,3,4,6],[2,3,5,7],[2,3,6,8],
  [2,3,7,8],[3,4,5,9],[3,4,6,7],[3,4,7,9],
  [3,5,7,9],[3,6,7,8],[4,5,6,9],[4,6,7,9]]

manifold_3_9_1025=[[1,2,3,4],[1,2,3,5],[1,2,4,6],
  [1,2,5,7],[1,2,6,8],[1,2,7,8],[1,3,4,5],
  [1,4,5,6],[1,5,6,9],[1,5,7,9],[1,6,7,8],
  [1,6,7,9],[2,3,4,6],[2,3,5,7],[2,3,6,8],
  [2,3,7,8],[3,4,5,9],[3,4,6,8],[3,4,8,9],
  [3,5,7,8],[3,5,8,9],[4,5,6,9],[4,6,8,9],
  [5,7,8,9],[6,7,8,9]]

manifold_3_9_1026=[[1,2,3,4],[1,2,3,5],[1,2,4,6],
  [1,2,5,7],[1,2,6,8],[1,2,7,8],[1,3,4,5],
  [1,4,5,6],[1,5,6,9],[1,5,7,9],[1,6,7,8],
  [1,6,7,9],[2,3,4,6],[2,3,5,7],[2,3,6,8],
  [2,3,7,8],[3,4,5,9],[3,4,6,8],[3,4,8,9],
  [3,5,7,9],[3,7,8,9],[4,5,6,9],[4,6,8,9],
  [6,7,8,9]]

manifold_3_9_1027=[[1,2,3,4],[1,2,3,5],[1,2,4,6],
  [1,2,5,7],[1,2,6,8],[1,2,7,8],[1,3,4,5],
  [1,4,5,6],[1,5,6,9],[1,5,7,9],[1,6,7,8],
  [1,6,7,9],[2,3,4,6],[2,3,5,7],[2,3,6,8],
  [2,3,7,8],[3,4,5,9],[3,4,6,9],[3,5,7,8],
  [3,5,8,9],[3,6,8,9],[4,5,6,9],[5,7,8,9],
  [6,7,8,9]]

manifold_3_9_1028=[[1,2,3,4],[1,2,3,5],[1,2,4,6],
  [1,2,5,7],[1,2,6,8],[1,2,7,8],[1,3,4,5],
  [1,4,5,6],[1,5,6,9],[1,5,7,9],[1,6,7,8],
  [1,6,7,9],[2,3,4,6],[2,3,5,7],[2,3,6,8],
  [2,3,7,8],[3,4,5,9],[3,4,6,9],[3,5,7,9],
  [3,6,7,8],[3,6,7,9],[4,5,6,9]]

manifold_3_9_1029=[[1,2,3,4],[1,2,3,5],[1,2,4,6],
  [1,2,5,7],[1,2,6,8],[1,2,7,8],[1,3,4,5],
  [1,4,5,6],[1,5,6,9],[1,5,7,9],[1,6,7,8],
  [1,6,7,9],[2,3,4,6],[2,3,5,7],[2,3,6,8],
  [2,3,7,8],[3,4,5,9],[3,4,6,9],[3,5,7,9],
  [3,6,8,9],[3,7,8,9],[4,5,6,9],[6,7,8,9]]

manifold_3_9_1030=[[1,2,3,4],[1,2,3,5],[1,2,4,6],
  [1,2,5,7],[1,2,6,8],[1,2,7,8],[1,3,4,5],
  [1,4,5,6],[1,5,6,9],[1,5,7,9],[1,6,7,8],
  [1,6,7,9],[2,3,4,6],[2,3,5,8],[2,3,6,8],
  [2,5,7,8],[3,4,5,6],[3,5,6,8],[5,6,7,8],
  [5,6,7,9]]

manifold_3_9_1031=[[1,2,3,4],[1,2,3,5],[1,2,4,6],
  [1,2,5,7],[1,2,6,8],[1,2,7,8],[1,3,4,5],
  [1,4,5,6],[1,5,6,9],[1,5,7,9],[1,6,7,8],
  [1,6,7,9],[2,3,4,6],[2,3,5,8],[2,3,6,8],
  [2,5,7,8],[3,4,5,6],[3,5,6,8],[5,6,8,9],
  [5,7,8,9],[6,7,8,9]]

manifold_3_9_1032=[[1,2,3,4],[1,2,3,5],[1,2,4,6],
  [1,2,5,7],[1,2,6,8],[1,2,7,8],[1,3,4,5],
  [1,4,5,6],[1,5,6,9],[1,5,7,9],[1,6,7,8],
  [1,6,7,9],[2,3,4,6],[2,3,5,8],[2,3,6,8],
  [2,5,7,8],[3,4,5,6],[3,5,6,9],[3,5,8,9],
  [3,6,8,9],[5,7,8,9],[6,7,8,9]]

manifold_3_9_1033=[[1,2,3,4],[1,2,3,5],[1,2,4,6],
  [1,2,5,7],[1,2,6,8],[1,2,7,8],[1,3,4,5],
  [1,4,5,6],[1,5,6,9],[1,5,7,9],[1,6,7,8],
  [1,6,7,9],[2,3,4,6],[2,3,5,8],[2,3,6,8],
  [2,5,7,8],[3,4,5,8],[3,4,6,7],[3,4,7,8],
  [3,6,7,8],[4,5,6,7],[4,5,7,8],[5,6,7,9]]

manifold_3_9_1034=[[1,2,3,4],[1,2,3,5],[1,2,4,6],
  [1,2,5,7],[1,2,6,8],[1,2,7,8],[1,3,4,5],
  [1,4,5,6],[1,5,6,9],[1,5,7,9],[1,6,7,8],
  [1,6,7,9],[2,3,4,6],[2,3,5,8],[2,3,6,8],
  [2,5,7,8],[3,4,5,8],[3,4,6,7],[3,4,7,8],
  [3,6,7,8],[4,5,6,9],[4,5,7,8],[4,5,7,9],
  [4,6,7,9]]

manifold_3_9_1035=[[1,2,3,4],[1,2,3,5],[1,2,4,6],
  [1,2,5,7],[1,2,6,8],[1,2,7,8],[1,3,4,5],
  [1,4,5,6],[1,5,6,9],[1,5,7,9],[1,6,7,8],
  [1,6,7,9],[2,3,4,6],[2,3,5,8],[2,3,6,8],
  [2,5,7,8],[3,4,5,8],[3,4,6,8],[4,5,6,9],
  [4,5,8,9],[4,6,8,9],[5,7,8,9],[6,7,8,9]]

manifold_3_9_1036=[[1,2,3,4],[1,2,3,5],[1,2,4,6],
  [1,2,5,7],[1,2,6,8],[1,2,7,8],[1,3,4,5],
  [1,4,5,6],[1,5,6,9],[1,5,7,9],[1,6,7,8],
  [1,6,7,9],[2,3,4,6],[2,3,5,8],[2,3,6,8],
  [2,5,7,8],[3,4,5,8],[3,4,6,9],[3,4,8,9],
  [3,6,8,9],[4,5,6,9],[4,5,8,9],[5,7,8,9],
  [6,7,8,9]]

manifold_3_9_1037=[[1,2,3,4],[1,2,3,5],[1,2,4,6],
  [1,2,5,7],[1,2,6,8],[1,2,7,8],[1,3,4,5],
  [1,4,5,6],[1,5,6,9],[1,5,7,9],[1,6,7,8],
  [1,6,7,9],[2,3,4,6],[2,3,5,8],[2,3,6,8],
  [2,5,7,8],[3,4,5,9],[3,4,6,9],[3,5,8,9],
  [3,6,7,8],[3,6,7,9],[3,7,8,9],[4,5,6,9],
  [5,7,8,9]]

manifold_3_9_1038=[[1,2,3,4],[1,2,3,5],[1,2,4,6],
  [1,2,5,7],[1,2,6,8],[1,2,7,8],[1,3,4,5],
  [1,4,5,6],[1,5,6,9],[1,5,7,9],[1,6,7,8],
  [1,6,7,9],[2,3,4,6],[2,3,5,8],[2,3,6,8],
  [2,5,7,8],[3,4,5,9],[3,4,6,9],[3,5,8,9],
  [3,6,8,9],[4,5,6,9],[5,7,8,9],[6,7,8,9]]

manifold_3_9_1039=[[1,2,3,4],[1,2,3,5],[1,2,4,6],
  [1,2,5,7],[1,2,6,8],[1,2,7,8],[1,3,4,5],
  [1,4,5,6],[1,5,6,9],[1,5,7,9],[1,6,7,8],
  [1,6,7,9],[2,3,4,6],[2,3,5,8],[2,3,6,9],
  [2,3,8,9],[2,5,7,8],[2,6,8,9],[3,4,5,6],
  [3,5,6,9],[3,5,8,9],[5,7,8,9],[6,7,8,9]]

manifold_3_9_1040=[[1,2,3,4],[1,2,3,5],[1,2,4,6],
  [1,2,5,7],[1,2,6,8],[1,2,7,8],[1,3,4,5],
  [1,4,5,6],[1,5,6,9],[1,5,7,9],[1,6,7,8],
  [1,6,7,9],[2,3,4,6],[2,3,5,9],[2,3,6,7],
  [2,3,7,9],[2,5,7,9],[2,6,7,8],[3,4,5,9],
  [3,4,6,7],[3,4,7,9],[4,5,6,9],[4,6,7,9]]

manifold_3_9_1041=[[1,2,3,4],[1,2,3,5],[1,2,4,6],
  [1,2,5,7],[1,2,6,8],[1,2,7,8],[1,3,4,5],
  [1,4,5,6],[1,5,6,9],[1,5,7,9],[1,6,7,8],
  [1,6,7,9],[2,3,4,6],[2,3,5,9],[2,3,6,8],
  [2,3,8,9],[2,5,7,9],[2,7,8,9],[3,4,5,9],
  [3,4,6,9],[3,6,8,9],[4,5,6,9],[6,7,8,9]]

manifold_3_9_1042=[[1,2,3,4],[1,2,3,5],[1,2,4,6],
  [1,2,5,7],[1,2,6,8],[1,2,7,8],[1,3,4,5],
  [1,4,5,6],[1,5,6,9],[1,5,7,9],[1,6,7,8],
  [1,6,7,9],[2,3,4,7],[2,3,5,7],[2,4,6,7],
  [2,6,7,8],[3,4,5,7],[4,5,6,7],[5,6,7,9]]

manifold_3_9_1043=[[1,2,3,4],[1,2,3,5],[1,2,4,6],
  [1,2,5,7],[1,2,6,8],[1,2,7,8],[1,3,4,5],
  [1,4,5,6],[1,5,6,9],[1,5,7,9],[1,6,7,8],
  [1,6,7,9],[2,3,4,7],[2,3,5,7],[2,4,6,7],
  [2,6,7,8],[3,4,5,7],[4,5,6,9],[4,5,7,9],
  [4,6,7,9]]

manifold_3_9_1044=[[1,2,3,4],[1,2,3,5],[1,2,4,6],
  [1,2,5,7],[1,2,6,8],[1,2,7,8],[1,3,4,5],
  [1,4,5,6],[1,5,6,9],[1,5,7,9],[1,6,7,8],
  [1,6,7,9],[2,3,4,7],[2,3,5,7],[2,4,6,7],
  [2,6,7,8],[3,4,5,9],[3,4,7,9],[3,5,7,9],
  [4,5,6,9],[4,6,7,9]]

manifold_3_9_1045=[[1,2,3,4],[1,2,3,5],[1,2,4,6],
  [1,2,5,7],[1,2,6,8],[1,2,7,8],[1,3,4,5],
  [1,4,5,6],[1,5,6,9],[1,5,7,9],[1,6,7,8],
  [1,6,7,9],[2,3,4,7],[2,3,5,7],[2,4,6,8],
  [2,4,7,8],[3,4,5,7],[4,5,6,9],[4,5,7,9],
  [4,6,7,8],[4,6,7,9]]

manifold_3_9_1046=[[1,2,3,4],[1,2,3,5],[1,2,4,6],
  [1,2,5,7],[1,2,6,8],[1,2,7,8],[1,3,4,5],
  [1,4,5,6],[1,5,6,9],[1,5,7,9],[1,6,7,8],
  [1,6,7,9],[2,3,4,7],[2,3,5,7],[2,4,6,8],
  [2,4,7,8],[3,4,5,7],[4,5,6,9],[4,5,7,9],
  [4,6,8,9],[4,7,8,9],[6,7,8,9]]

manifold_3_9_1047=[[1,2,3,4],[1,2,3,5],[1,2,4,6],
  [1,2,5,7],[1,2,6,8],[1,2,7,8],[1,3,4,5],
  [1,4,5,6],[1,5,6,9],[1,5,7,9],[1,6,7,8],
  [1,6,7,9],[2,3,4,7],[2,3,5,7],[2,4,6,8],
  [2,4,7,8],[3,4,5,8],[3,4,7,8],[3,5,6,7],
  [3,5,6,8],[3,6,7,8],[4,5,6,8],[5,6,7,9]]

manifold_3_9_1048=[[1,2,3,4],[1,2,3,5],[1,2,4,6],
  [1,2,5,7],[1,2,6,8],[1,2,7,8],[1,3,4,5],
  [1,4,5,6],[1,5,6,9],[1,5,7,9],[1,6,7,8],
  [1,6,7,9],[2,3,4,7],[2,3,5,7],[2,4,6,8],
  [2,4,7,8],[3,4,5,8],[3,4,7,8],[3,5,7,9],
  [3,5,8,9],[3,7,8,9],[4,5,6,8],[5,6,8,9],
  [6,7,8,9]]

manifold_3_9_1049=[[1,2,3,4],[1,2,3,5],[1,2,4,6],
  [1,2,5,7],[1,2,6,8],[1,2,7,8],[1,3,4,5],
  [1,4,5,6],[1,5,6,9],[1,5,7,9],[1,6,7,8],
  [1,6,7,9],[2,3,4,7],[2,3,5,7],[2,4,6,8],
  [2,4,7,8],[3,4,5,9],[3,4,7,8],[3,4,8,9],
  [3,5,7,9],[3,7,8,9],[4,5,6,9],[4,6,8,9],
  [6,7,8,9]]

manifold_3_9_1050=[[1,2,3,4],[1,2,3,5],[1,2,4,6],
  [1,2,5,7],[1,2,6,8],[1,2,7,8],[1,3,4,5],
  [1,4,5,6],[1,5,6,9],[1,5,7,9],[1,6,7,8],
  [1,6,7,9],[2,3,4,7],[2,3,5,7],[2,4,6,8],
  [2,4,7,8],[3,4,5,9],[3,4,7,9],[3,5,7,9],
  [4,5,6,9],[4,6,7,8],[4,6,7,9]]

manifold_3_9_1051=[[1,2,3,4],[1,2,3,5],[1,2,4,6],
  [1,2,5,7],[1,2,6,8],[1,2,7,8],[1,3,4,5],
  [1,4,5,6],[1,5,6,9],[1,5,7,9],[1,6,7,8],
  [1,6,7,9],[2,3,4,7],[2,3,5,7],[2,4,6,8],
  [2,4,7,8],[3,4,5,9],[3,4,7,9],[3,5,7,9],
  [4,5,6,9],[4,6,8,9],[4,7,8,9],[6,7,8,9]]

manifold_3_9_1052=[[1,2,3,4],[1,2,3,5],[1,2,4,6],
  [1,2,5,7],[1,2,6,8],[1,2,7,8],[1,3,4,5],
  [1,4,5,6],[1,5,6,9],[1,5,7,9],[1,6,7,8],
  [1,6,7,9],[2,3,4,8],[2,3,5,7],[2,3,7,8],
  [2,4,6,8],[3,4,5,8],[3,5,6,7],[3,5,6,8],
  [3,6,7,8],[4,5,6,8],[5,6,7,9]]

manifold_3_9_1053=[[1,2,3,4],[1,2,3,5],[1,2,4,6],
  [1,2,5,7],[1,2,6,8],[1,2,7,8],[1,3,4,5],
  [1,4,5,6],[1,5,6,9],[1,5,7,9],[1,6,7,8],
  [1,6,7,9],[2,3,4,8],[2,3,5,7],[2,3,7,8],
  [2,4,6,8],[3,4,5,8],[3,5,7,8],[4,5,6,8],
  [5,6,7,8],[5,6,7,9]]

manifold_3_9_1054=[[1,2,3,4],[1,2,3,5],[1,2,4,6],
  [1,2,5,7],[1,2,6,8],[1,2,7,8],[1,3,4,5],
  [1,4,5,6],[1,5,6,9],[1,5,7,9],[1,6,7,8],
  [1,6,7,9],[2,3,4,8],[2,3,5,7],[2,3,7,8],
  [2,4,6,8],[3,4,5,8],[3,5,7,8],[4,5,6,8],
  [5,6,8,9],[5,7,8,9],[6,7,8,9]]

manifold_3_9_1055=[[1,2,3,4],[1,2,3,5],[1,2,4,6],
  [1,2,5,7],[1,2,6,8],[1,2,7,8],[1,3,4,5],
  [1,4,5,6],[1,5,6,9],[1,5,7,9],[1,6,7,8],
  [1,6,7,9],[2,3,4,8],[2,3,5,7],[2,3,7,8],
  [2,4,6,8],[3,4,5,8],[3,5,7,8],[4,5,6,9],
  [4,5,8,9],[4,6,8,9],[5,7,8,9],[6,7,8,9]]

manifold_3_9_1056=[[1,2,3,4],[1,2,3,5],[1,2,4,6],
  [1,2,5,7],[1,2,6,8],[1,2,7,8],[1,3,4,5],
  [1,4,5,6],[1,5,6,9],[1,5,7,9],[1,6,7,8],
  [1,6,7,9],[2,3,4,8],[2,3,5,7],[2,3,7,8],
  [2,4,6,8],[3,4,5,8],[3,5,7,9],[3,5,8,9],
  [3,7,8,9],[4,5,6,8],[5,6,8,9],[6,7,8,9]]

manifold_3_9_1057=[[1,2,3,4],[1,2,3,5],[1,2,4,6],
  [1,2,5,7],[1,2,6,8],[1,2,7,8],[1,3,4,5],
  [1,4,5,6],[1,5,6,9],[1,5,7,9],[1,6,7,8],
  [1,6,7,9],[2,3,4,8],[2,3,5,7],[2,3,7,8],
  [2,4,6,8],[3,4,5,8],[3,5,7,9],[3,5,8,9],
  [3,7,8,9],[4,5,6,9],[4,5,8,9],[4,6,8,9],
  [6,7,8,9]]

manifold_3_9_1058=[[1,2,3,4],[1,2,3,5],[1,2,4,6],
  [1,2,5,7],[1,2,6,8],[1,2,7,8],[1,3,4,5],
  [1,4,5,6],[1,5,6,9],[1,5,7,9],[1,6,7,8],
  [1,6,7,9],[2,3,4,8],[2,3,5,7],[2,3,7,8],
  [2,4,6,8],[3,4,5,9],[3,4,6,8],[3,4,6,9],
  [3,5,7,9],[3,6,7,8],[3,6,7,9],[4,5,6,9]]

manifold_3_9_1059=[[1,2,3,4],[1,2,3,5],[1,2,4,6],
  [1,2,5,7],[1,2,6,8],[1,2,7,8],[1,3,4,5],
  [1,4,5,6],[1,5,6,9],[1,5,7,9],[1,6,7,8],
  [1,6,7,9],[2,3,4,8],[2,3,5,7],[2,3,7,8],
  [2,4,6,8],[3,4,5,9],[3,4,6,8],[3,4,6,9],
  [3,5,7,9],[3,6,8,9],[3,7,8,9],[4,5,6,9],
  [6,7,8,9]]

manifold_3_9_1060=[[1,2,3,4],[1,2,3,5],[1,2,4,6],
  [1,2,5,7],[1,2,6,8],[1,2,7,8],[1,3,4,5],
  [1,4,5,6],[1,5,6,9],[1,5,7,9],[1,6,7,8],
  [1,6,7,9],[2,3,4,8],[2,3,5,7],[2,3,7,8],
  [2,4,6,8],[3,4,5,9],[3,4,7,8],[3,4,7,9],
  [3,5,7,9],[4,5,6,9],[4,6,7,8],[4,6,7,9]]

manifold_3_9_1061=[[1,2,3,4],[1,2,3,5],[1,2,4,6],
  [1,2,5,7],[1,2,6,8],[1,2,7,8],[1,3,4,5],
  [1,4,5,6],[1,5,6,9],[1,5,7,9],[1,6,7,8],
  [1,6,7,9],[2,3,4,8],[2,3,5,7],[2,3,7,8],
  [2,4,6,8],[3,4,5,9],[3,4,7,8],[3,4,7,9],
  [3,5,7,9],[4,5,6,9],[4,6,8,9],[4,7,8,9],
  [6,7,8,9]]

manifold_3_9_1062=[[1,2,3,4],[1,2,3,5],[1,2,4,6],
  [1,2,5,7],[1,2,6,8],[1,2,7,8],[1,3,4,5],
  [1,4,5,6],[1,5,6,9],[1,5,7,9],[1,6,7,8],
  [1,6,7,9],[2,3,4,8],[2,3,5,7],[2,3,7,8],
  [2,4,6,8],[3,4,5,9],[3,4,8,9],[3,5,7,8],
  [3,5,8,9],[4,5,6,9],[4,6,8,9],[5,7,8,9],
  [6,7,8,9]]

manifold_3_9_1063=[[1,2,3,4],[1,2,3,5],[1,2,4,6],
  [1,2,5,7],[1,2,6,8],[1,2,7,8],[1,3,4,5],
  [1,4,5,6],[1,5,6,9],[1,5,7,9],[1,6,7,8],
  [1,6,7,9],[2,3,4,8],[2,3,5,7],[2,3,7,8],
  [2,4,6,8],[3,4,5,9],[3,4,8,9],[3,5,7,9],
  [3,6,7,8],[3,6,7,9],[3,6,8,9],[4,5,6,9],
  [4,6,8,9]]

manifold_3_9_1064=[[1,2,3,4],[1,2,3,5],[1,2,4,6],
  [1,2,5,7],[1,2,6,8],[1,2,7,8],[1,3,4,5],
  [1,4,5,6],[1,5,6,9],[1,5,7,9],[1,6,7,8],
  [1,6,7,9],[2,3,4,8],[2,3,5,7],[2,3,7,8],
  [2,4,6,8],[3,4,5,9],[3,4,8,9],[3,5,7,9],
  [3,7,8,9],[4,5,6,9],[4,6,7,8],[4,6,7,9],
  [4,7,8,9]]

manifold_3_9_1065=[[1,2,3,4],[1,2,3,5],[1,2,4,6],
  [1,2,5,7],[1,2,6,8],[1,2,7,8],[1,3,4,5],
  [1,4,5,6],[1,5,6,9],[1,5,7,9],[1,6,7,8],
  [1,6,7,9],[2,3,4,8],[2,3,5,7],[2,3,7,8],
  [2,4,6,8],[3,4,5,9],[3,4,8,9],[3,5,7,9],
  [3,7,8,9],[4,5,6,9],[4,6,8,9],[6,7,8,9]]

manifold_3_9_1066=[[1,2,3,4],[1,2,3,5],[1,2,4,6],
  [1,2,5,7],[1,2,6,8],[1,2,7,8],[1,3,4,5],
  [1,4,5,6],[1,5,6,9],[1,5,7,9],[1,6,7,8],
  [1,6,7,9],[2,3,4,8],[2,3,5,7],[2,3,7,9],
  [2,3,8,9],[2,4,6,8],[2,7,8,9],[3,4,5,8],
  [3,5,7,9],[3,5,8,9],[4,5,6,8],[5,6,8,9],
  [6,7,8,9]]

manifold_3_9_1067=[[1,2,3,4],[1,2,3,5],[1,2,4,6],
  [1,2,5,7],[1,2,6,8],[1,2,7,8],[1,3,4,5],
  [1,4,5,6],[1,5,6,9],[1,5,7,9],[1,6,7,8],
  [1,6,7,9],[2,3,4,8],[2,3,5,8],[2,4,6,8],
  [2,5,7,8],[3,4,5,8],[4,5,6,7],[4,5,7,8],
  [4,6,7,8],[5,6,7,9]]

manifold_3_9_1068=[[1,2,3,4],[1,2,3,5],[1,2,4,6],
  [1,2,5,7],[1,2,6,8],[1,2,7,8],[1,3,4,5],
  [1,4,5,6],[1,5,6,9],[1,5,7,9],[1,6,7,8],
  [1,6,7,9],[2,3,4,8],[2,3,5,8],[2,4,6,8],
  [2,5,7,8],[3,4,5,8],[4,5,6,8],[5,6,7,8],
  [5,6,7,9]]

manifold_3_9_1069=[[1,2,3,4],[1,2,3,5],[1,2,4,6],
  [1,2,5,7],[1,2,6,8],[1,2,7,8],[1,3,4,5],
  [1,4,5,6],[1,5,6,9],[1,5,7,9],[1,6,7,8],
  [1,6,7,9],[2,3,4,8],[2,3,5,8],[2,4,6,8],
  [2,5,7,8],[3,4,5,8],[4,5,6,8],[5,6,8,9],
  [5,7,8,9],[6,7,8,9]]

manifold_3_9_1070=[[1,2,3,4],[1,2,3,5],[1,2,4,6],
  [1,2,5,7],[1,2,6,8],[1,2,7,8],[1,3,4,5],
  [1,4,5,6],[1,5,6,9],[1,5,7,9],[1,6,7,8],
  [1,6,7,9],[2,3,4,8],[2,3,5,8],[2,4,6,8],
  [2,5,7,8],[3,4,5,8],[4,5,6,9],[4,5,7,8],
  [4,5,7,9],[4,6,7,8],[4,6,7,9]]

manifold_3_9_1071=[[1,2,3,4],[1,2,3,5],[1,2,4,6],
  [1,2,5,7],[1,2,6,8],[1,2,7,8],[1,3,4,5],
  [1,4,5,6],[1,5,6,9],[1,5,7,9],[1,6,7,8],
  [1,6,7,9],[2,3,4,8],[2,3,5,8],[2,4,6,8],
  [2,5,7,8],[3,4,5,8],[4,5,6,9],[4,5,7,8],
  [4,5,7,9],[4,6,8,9],[4,7,8,9],[6,7,8,9]]

manifold_3_9_1072=[[1,2,3,4],[1,2,3,5],[1,2,4,6],
  [1,2,5,7],[1,2,6,8],[1,2,7,8],[1,3,4,5],
  [1,4,5,6],[1,5,6,9],[1,5,7,9],[1,6,7,8],
  [1,6,7,9],[2,3,4,8],[2,3,5,8],[2,4,6,8],
  [2,5,7,8],[3,4,5,8],[4,5,6,9],[4,5,8,9],
  [4,6,8,9],[5,7,8,9],[6,7,8,9]]

manifold_3_9_1073=[[1,2,3,4],[1,2,3,5],[1,2,4,6],
  [1,2,5,7],[1,2,6,8],[1,2,7,8],[1,3,4,5],
  [1,4,5,6],[1,5,6,9],[1,5,7,9],[1,6,7,8],
  [1,6,7,9],[2,3,4,8],[2,3,5,8],[2,4,6,8],
  [2,5,7,8],[3,4,5,9],[3,4,6,8],[3,4,6,9],
  [3,5,8,9],[3,6,8,9],[4,5,6,9],[5,7,8,9],
  [6,7,8,9]]

manifold_3_9_1074=[[1,2,3,4],[1,2,3,5],[1,2,4,6],
  [1,2,5,7],[1,2,6,8],[1,2,7,8],[1,3,4,5],
  [1,4,5,6],[1,5,6,9],[1,5,7,9],[1,6,7,8],
  [1,6,7,9],[2,3,4,8],[2,3,5,8],[2,4,6,8],
  [2,5,7,8],[3,4,5,9],[3,4,8,9],[3,5,8,9],
  [4,5,6,9],[4,6,7,8],[4,6,7,9],[4,7,8,9],
  [5,7,8,9]]

manifold_3_9_1075=[[1,2,3,4],[1,2,3,5],[1,2,4,6],
  [1,2,5,7],[1,2,6,8],[1,2,7,8],[1,3,4,5],
  [1,4,5,6],[1,5,6,9],[1,5,7,9],[1,6,7,8],
  [1,6,7,9],[2,3,4,8],[2,3,5,8],[2,4,6,8],
  [2,5,7,8],[3,4,5,9],[3,4,8,9],[3,5,8,9],
  [4,5,6,9],[4,6,8,9],[5,7,8,9],[6,7,8,9]]

manifold_3_9_1076=[[1,2,3,4],[1,2,3,5],[1,2,4,6],
  [1,2,5,7],[1,2,6,8],[1,2,7,8],[1,3,4,5],
  [1,4,5,6],[1,5,6,9],[1,5,7,9],[1,6,7,8],
  [1,6,7,9],[2,3,4,8],[2,3,5,9],[2,3,8,9],
  [2,4,6,8],[2,5,7,9],[2,7,8,9],[3,4,5,8],
  [3,5,8,9],[4,5,6,8],[5,6,8,9],[6,7,8,9]]

manifold_3_9_1077=[[1,2,3,4],[1,2,3,5],[1,2,4,6],
  [1,2,5,7],[1,2,6,8],[1,2,7,8],[1,3,4,5],
  [1,4,5,6],[1,5,6,9],[1,5,7,9],[1,6,8,9],
  [1,7,8,9],[2,3,4,5],[2,4,5,6],[2,5,6,7],
  [2,6,7,8],[5,6,7,9],[6,7,8,9]]

manifold_3_9_1078=[[1,2,3,4],[1,2,3,5],[1,2,4,6],
  [1,2,5,7],[1,2,6,8],[1,2,7,8],[1,3,4,5],
  [1,4,5,6],[1,5,6,9],[1,5,7,9],[1,6,8,9],
  [1,7,8,9],[2,3,4,5],[2,4,5,6],[2,5,6,8],
  [2,5,7,8],[5,6,8,9],[5,7,8,9]]

manifold_3_9_1079=[[1,2,3,4],[1,2,3,5],[1,2,4,6],
  [1,2,5,7],[1,2,6,8],[1,2,7,8],[1,3,4,5],
  [1,4,5,6],[1,5,6,9],[1,5,7,9],[1,6,8,9],
  [1,7,8,9],[2,3,4,5],[2,4,5,7],[2,4,6,7],
  [2,6,7,8],[4,5,6,7],[5,6,7,9],[6,7,8,9]]

manifold_3_9_1080=[[1,2,3,4],[1,2,3,5],[1,2,4,6],
  [1,2,5,7],[1,2,6,8],[1,2,7,8],[1,3,4,5],
  [1,4,5,6],[1,5,6,9],[1,5,7,9],[1,6,8,9],
  [1,7,8,9],[2,3,4,5],[2,4,5,7],[2,4,6,7],
  [2,6,7,8],[4,5,6,8],[4,5,7,8],[4,6,7,8],
  [5,6,8,9],[5,7,8,9]]

manifold_3_9_1081=[[1,2,3,4],[1,2,3,5],[1,2,4,6],
  [1,2,5,7],[1,2,6,8],[1,2,7,8],[1,3,4,5],
  [1,4,5,6],[1,5,6,9],[1,5,7,9],[1,6,8,9],
  [1,7,8,9],[2,3,4,5],[2,4,5,7],[2,4,6,7],
  [2,6,7,8],[4,5,6,9],[4,5,7,9],[4,6,7,9],
  [6,7,8,9]]

manifold_3_9_1082=[[1,2,3,4],[1,2,3,5],[1,2,4,6],
  [1,2,5,7],[1,2,6,8],[1,2,7,8],[1,3,4,5],
  [1,4,5,6],[1,5,6,9],[1,5,7,9],[1,6,8,9],
  [1,7,8,9],[2,3,4,5],[2,4,5,7],[2,4,6,8],
  [2,4,7,8],[4,5,6,8],[4,5,7,8],[5,6,8,9],
  [5,7,8,9]]

manifold_3_9_1083=[[1,2,3,4],[1,2,3,5],[1,2,4,6],
  [1,2,5,7],[1,2,6,8],[1,2,7,8],[1,3,4,5],
  [1,4,5,6],[1,5,6,9],[1,5,7,9],[1,6,8,9],
  [1,7,8,9],[2,3,4,5],[2,4,5,7],[2,4,6,8],
  [2,4,7,8],[4,5,6,9],[4,5,7,9],[4,6,8,9],
  [4,7,8,9]]

manifold_3_9_1084=[[1,2,3,4],[1,2,3,5],[1,2,4,6],
  [1,2,5,7],[1,2,6,8],[1,2,7,8],[1,3,4,5],
  [1,4,5,6],[1,5,6,9],[1,5,7,9],[1,6,8,9],
  [1,7,8,9],[2,3,4,5],[2,4,5,8],[2,4,6,8],
  [2,5,7,8],[4,5,6,8],[5,6,7,8],[5,6,7,9],
  [6,7,8,9]]

manifold_3_9_1085=[[1,2,3,4],[1,2,3,5],[1,2,4,6],
  [1,2,5,7],[1,2,6,8],[1,2,7,8],[1,3,4,5],
  [1,4,5,6],[1,5,6,9],[1,5,7,9],[1,6,8,9],
  [1,7,8,9],[2,3,4,5],[2,4,5,8],[2,4,6,8],
  [2,5,7,8],[4,5,6,8],[5,6,8,9],[5,7,8,9]]

manifold_3_9_1086=[[1,2,3,4],[1,2,3,5],[1,2,4,6],
  [1,2,5,7],[1,2,6,8],[1,2,7,8],[1,3,4,5],
  [1,4,5,6],[1,5,6,9],[1,5,7,9],[1,6,8,9],
  [1,7,8,9],[2,3,4,5],[2,4,5,8],[2,4,6,8],
  [2,5,7,8],[4,5,6,9],[4,5,8,9],[4,6,8,9],
  [5,7,8,9]]

manifold_3_9_1087=[[1,2,3,4],[1,2,3,5],[1,2,4,6],
  [1,2,5,7],[1,2,6,8],[1,2,7,8],[1,3,4,5],
  [1,4,5,6],[1,5,6,9],[1,5,7,9],[1,6,8,9],
  [1,7,8,9],[2,3,4,6],[2,3,5,6],[2,5,6,7],
  [2,6,7,8],[3,4,5,6],[5,6,7,9],[6,7,8,9]]

manifold_3_9_1088=[[1,2,3,4],[1,2,3,5],[1,2,4,6],
  [1,2,5,7],[1,2,6,8],[1,2,7,8],[1,3,4,5],
  [1,4,5,6],[1,5,6,9],[1,5,7,9],[1,6,8,9],
  [1,7,8,9],[2,3,4,6],[2,3,5,6],[2,5,6,8],
  [2,5,7,8],[3,4,5,6],[5,6,8,9],[5,7,8,9]]

manifold_3_9_1089=[[1,2,3,4],[1,2,3,5],[1,2,4,6],
  [1,2,5,7],[1,2,6,8],[1,2,7,8],[1,3,4,5],
  [1,4,5,6],[1,5,6,9],[1,5,7,9],[1,6,8,9],
  [1,7,8,9],[2,3,4,6],[2,3,5,7],[2,3,6,7],
  [2,6,7,8],[3,4,5,6],[3,5,6,7],[5,6,7,9],
  [6,7,8,9]]

manifold_3_9_1090=[[1,2,3,4],[1,2,3,5],[1,2,4,6],
  [1,2,5,7],[1,2,6,8],[1,2,7,8],[1,3,4,5],
  [1,4,5,6],[1,5,6,9],[1,5,7,9],[1,6,8,9],
  [1,7,8,9],[2,3,4,6],[2,3,5,7],[2,3,6,7],
  [2,6,7,8],[3,4,5,6],[3,5,6,8],[3,5,7,8],
  [3,6,7,8],[5,6,8,9],[5,7,8,9]]

manifold_3_9_1091=[[1,2,3,4],[1,2,3,5],[1,2,4,6],
  [1,2,5,7],[1,2,6,8],[1,2,7,8],[1,3,4,5],
  [1,4,5,6],[1,5,6,9],[1,5,7,9],[1,6,8,9],
  [1,7,8,9],[2,3,4,6],[2,3,5,7],[2,3,6,7],
  [2,6,7,8],[3,4,5,6],[3,5,6,9],[3,5,7,9],
  [3,6,7,9],[6,7,8,9]]

manifold_3_9_1092=[[1,2,3,4],[1,2,3,5],[1,2,4,6],
  [1,2,5,7],[1,2,6,8],[1,2,7,8],[1,3,4,5],
  [1,4,5,6],[1,5,6,9],[1,5,7,9],[1,6,8,9],
  [1,7,8,9],[2,3,4,6],[2,3,5,7],[2,3,6,7],
  [2,6,7,8],[3,4,5,7],[3,4,6,7],[4,5,6,7],
  [5,6,7,9],[6,7,8,9]]

manifold_3_9_1093=[[1,2,3,4],[1,2,3,5],[1,2,4,6],
  [1,2,5,7],[1,2,6,8],[1,2,7,8],[1,3,4,5],
  [1,4,5,6],[1,5,6,9],[1,5,7,9],[1,6,8,9],
  [1,7,8,9],[2,3,4,6],[2,3,5,7],[2,3,6,7],
  [2,6,7,8],[3,4,5,7],[3,4,6,7],[4,5,6,9],
  [4,5,7,9],[4,6,7,9],[6,7,8,9]]

manifold_3_9_1094=[[1,2,3,4],[1,2,3,5],[1,2,4,6],
  [1,2,5,7],[1,2,6,8],[1,2,7,8],[1,3,4,5],
  [1,4,5,6],[1,5,6,9],[1,5,7,9],[1,6,8,9],
  [1,7,8,9],[2,3,4,6],[2,3,5,7],[2,3,6,7],
  [2,6,7,8],[3,4,5,7],[3,4,6,9],[3,4,7,9],
  [3,6,7,9],[4,5,6,9],[4,5,7,9],[6,7,8,9]]

manifold_3_9_1095=[[1,2,3,4],[1,2,3,5],[1,2,4,6],
  [1,2,5,7],[1,2,6,8],[1,2,7,8],[1,3,4,5],
  [1,4,5,6],[1,5,6,9],[1,5,7,9],[1,6,8,9],
  [1,7,8,9],[2,3,4,6],[2,3,5,7],[2,3,6,7],
  [2,6,7,8],[3,4,5,9],[3,4,6,7],[3,4,7,9],
  [3,5,7,9],[4,5,6,9],[4,6,7,9],[6,7,8,9]]

manifold_3_9_1096=[[1,2,3,4],[1,2,3,5],[1,2,4,6],
  [1,2,5,7],[1,2,6,8],[1,2,7,8],[1,3,4,5],
  [1,4,5,6],[1,5,6,9],[1,5,7,9],[1,6,8,9],
  [1,7,8,9],[2,3,4,6],[2,3,5,7],[2,3,6,7],
  [2,6,7,8],[3,4,5,9],[3,4,6,9],[3,5,7,9],
  [3,6,7,8],[3,6,8,9],[3,7,8,9],[4,5,6,9]]

manifold_3_9_1097=[[1,2,3,4],[1,2,3,5],[1,2,4,6],
  [1,2,5,7],[1,2,6,8],[1,2,7,8],[1,3,4,5],
  [1,4,5,6],[1,5,6,9],[1,5,7,9],[1,6,8,9],
  [1,7,8,9],[2,3,4,6],[2,3,5,7],[2,3,6,7],
  [2,6,7,8],[3,4,5,9],[3,4,6,9],[3,5,7,9],
  [3,6,7,9],[4,5,6,9],[6,7,8,9]]

manifold_3_9_1098=[[1,2,3,4],[1,2,3,5],[1,2,4,6],
  [1,2,5,7],[1,2,6,8],[1,2,7,8],[1,3,4,5],
  [1,4,5,6],[1,5,6,9],[1,5,7,9],[1,6,8,9],
  [1,7,8,9],[2,3,4,6],[2,3,5,7],[2,3,6,8],
  [2,3,7,8],[3,4,5,6],[3,5,6,8],[3,5,7,8],
  [5,6,7,8],[5,6,7,9],[6,7,8,9]]

manifold_3_9_1099=[[1,2,3,4],[1,2,3,5],[1,2,4,6],
  [1,2,5,7],[1,2,6,8],[1,2,7,8],[1,3,4,5],
  [1,4,5,6],[1,5,6,9],[1,5,7,9],[1,6,8,9],
  [1,7,8,9],[2,3,4,6],[2,3,5,7],[2,3,6,8],
  [2,3,7,8],[3,4,5,6],[3,5,6,8],[3,5,7,8],
  [5,6,8,9],[5,7,8,9]]

manifold_3_9_1100=[[1,2,3,4],[1,2,3,5],[1,2,4,6],
  [1,2,5,7],[1,2,6,8],[1,2,7,8],[1,3,4,5],
  [1,4,5,6],[1,5,6,9],[1,5,7,9],[1,6,8,9],
  [1,7,8,9],[2,3,4,6],[2,3,5,7],[2,3,6,8],
  [2,3,7,8],[3,4,5,6],[3,5,6,9],[3,5,7,9],
  [3,6,8,9],[3,7,8,9]]

manifold_3_9_1101=[[1,2,3,4],[1,2,3,5],[1,2,4,6],
  [1,2,5,7],[1,2,6,8],[1,2,7,8],[1,3,4,5],
  [1,4,5,6],[1,5,6,9],[1,5,7,9],[1,6,8,9],
  [1,7,8,9],[2,3,4,6],[2,3,5,7],[2,3,6,8],
  [2,3,7,8],[3,4,5,7],[3,4,6,7],[3,6,7,8],
  [4,5,6,7],[5,6,7,9],[6,7,8,9]]

manifold_3_9_1102=[[1,2,3,4],[1,2,3,5],[1,2,4,6],
  [1,2,5,7],[1,2,6,8],[1,2,7,8],[1,3,4,5],
  [1,4,5,6],[1,5,6,9],[1,5,7,9],[1,6,8,9],
  [1,7,8,9],[2,3,4,6],[2,3,5,7],[2,3,6,8],
  [2,3,7,8],[3,4,5,7],[3,4,6,7],[3,6,7,8],
  [4,5,6,9],[4,5,7,9],[4,6,7,9],[6,7,8,9]]

manifold_3_9_1103=[[1,2,3,4],[1,2,3,5],[1,2,4,6],
  [1,2,5,7],[1,2,6,8],[1,2,7,8],[1,3,4,5],
  [1,4,5,6],[1,5,6,9],[1,5,7,9],[1,6,8,9],
  [1,7,8,9],[2,3,4,6],[2,3,5,7],[2,3,6,8],
  [2,3,7,8],[3,4,5,7],[3,4,6,8],[3,4,7,8],
  [4,5,6,7],[4,6,7,8],[5,6,7,9],[6,7,8,9]]

manifold_3_9_1104=[[1,2,3,4],[1,2,3,5],[1,2,4,6],
  [1,2,5,7],[1,2,6,8],[1,2,7,8],[1,3,4,5],
  [1,4,5,6],[1,5,6,9],[1,5,7,9],[1,6,8,9],
  [1,7,8,9],[2,3,4,6],[2,3,5,7],[2,3,6,8],
  [2,3,7,8],[3,4,5,7],[3,4,6,8],[3,4,7,8],
  [4,5,6,8],[4,5,7,8],[5,6,8,9],[5,7,8,9]]

manifold_3_9_1105=[[1,2,3,4],[1,2,3,5],[1,2,4,6],
  [1,2,5,7],[1,2,6,8],[1,2,7,8],[1,3,4,5],
  [1,4,5,6],[1,5,6,9],[1,5,7,9],[1,6,8,9],
  [1,7,8,9],[2,3,4,6],[2,3,5,7],[2,3,6,8],
  [2,3,7,8],[3,4,5,7],[3,4,6,8],[3,4,7,8],
  [4,5,6,9],[4,5,7,9],[4,6,8,9],[4,7,8,9]]

manifold_3_9_1106=[[1,2,3,4],[1,2,3,5],[1,2,4,6],
  [1,2,5,7],[1,2,6,8],[1,2,7,8],[1,3,4,5],
  [1,4,5,6],[1,5,6,9],[1,5,7,9],[1,6,8,9],
  [1,7,8,9],[2,3,4,6],[2,3,5,7],[2,3,6,8],
  [2,3,7,8],[3,4,5,7],[3,4,6,9],[3,4,7,9],
  [3,6,8,9],[3,7,8,9],[4,5,6,7],[4,6,7,9],
  [5,6,7,9]]

manifold_3_9_1107=[[1,2,3,4],[1,2,3,5],[1,2,4,6],
  [1,2,5,7],[1,2,6,8],[1,2,7,8],[1,3,4,5],
  [1,4,5,6],[1,5,6,9],[1,5,7,9],[1,6,8,9],
  [1,7,8,9],[2,3,4,6],[2,3,5,7],[2,3,6,8],
  [2,3,7,8],[3,4,5,7],[3,4,6,9],[3,4,7,9],
  [3,6,8,9],[3,7,8,9],[4,5,6,9],[4,5,7,9]]

manifold_3_9_1108=[[1,2,3,4],[1,2,3,5],[1,2,4,6],
  [1,2,5,7],[1,2,6,8],[1,2,7,8],[1,3,4,5],
  [1,4,5,6],[1,5,6,9],[1,5,7,9],[1,6,8,9],
  [1,7,8,9],[2,3,4,6],[2,3,5,7],[2,3,6,8],
  [2,3,7,8],[3,4,5,8],[3,4,6,8],[3,5,7,8],
  [4,5,6,8],[5,6,8,9],[5,7,8,9]]

manifold_3_9_1109=[[1,2,3,4],[1,2,3,5],[1,2,4,6],
  [1,2,5,7],[1,2,6,8],[1,2,7,8],[1,3,4,5],
  [1,4,5,6],[1,5,6,9],[1,5,7,9],[1,6,8,9],
  [1,7,8,9],[2,3,4,6],[2,3,5,7],[2,3,6,8],
  [2,3,7,8],[3,4,5,8],[3,4,6,8],[3,5,7,8],
  [4,5,6,9],[4,5,8,9],[4,6,8,9],[5,7,8,9]]

manifold_3_9_1110=[[1,2,3,4],[1,2,3,5],[1,2,4,6],
  [1,2,5,7],[1,2,6,8],[1,2,7,8],[1,3,4,5],
  [1,4,5,6],[1,5,6,9],[1,5,7,9],[1,6,8,9],
  [1,7,8,9],[2,3,4,6],[2,3,5,7],[2,3,6,8],
  [2,3,7,8],[3,4,5,9],[3,4,6,8],[3,4,8,9],
  [3,5,7,9],[3,7,8,9],[4,5,6,9],[4,6,8,9]]

manifold_3_9_1111=[[1,2,3,4],[1,2,3,5],[1,2,4,6],
  [1,2,5,7],[1,2,6,8],[1,2,7,8],[1,3,4,5],
  [1,4,5,6],[1,5,6,9],[1,5,7,9],[1,6,8,9],
  [1,7,8,9],[2,3,4,6],[2,3,5,7],[2,3,6,8],
  [2,3,7,8],[3,4,5,9],[3,4,6,9],[3,5,7,9],
  [3,6,7,8],[3,6,7,9],[4,5,6,9],[6,7,8,9]]

manifold_3_9_1112=[[1,2,3,4],[1,2,3,5],[1,2,4,6],
  [1,2,5,7],[1,2,6,8],[1,2,7,8],[1,3,4,5],
  [1,4,5,6],[1,5,6,9],[1,5,7,9],[1,6,8,9],
  [1,7,8,9],[2,3,4,6],[2,3,5,7],[2,3,6,8],
  [2,3,7,8],[3,4,5,9],[3,4,6,9],[3,5,7,9],
  [3,6,8,9],[3,7,8,9],[4,5,6,9]]

manifold_3_9_1113=[[1,2,3,4],[1,2,3,5],[1,2,4,6],
  [1,2,5,7],[1,2,6,8],[1,2,7,8],[1,3,4,5],
  [1,4,5,6],[1,5,6,9],[1,5,7,9],[1,6,8,9],
  [1,7,8,9],[2,3,4,6],[2,3,5,7],[2,3,6,9],
  [2,3,7,9],[2,6,8,9],[2,7,8,9],[3,4,5,7],
  [3,4,6,9],[3,4,7,9],[4,5,6,9],[4,5,7,9]]

manifold_3_9_1114=[[1,2,3,4],[1,2,3,5],[1,2,4,6],
  [1,2,5,7],[1,2,6,8],[1,2,7,8],[1,3,4,5],
  [1,4,5,6],[1,5,6,9],[1,5,7,9],[1,6,8,9],
  [1,7,8,9],[2,3,4,6],[2,3,5,7],[2,3,6,9],
  [2,3,7,9],[2,6,8,9],[2,7,8,9],[3,4,5,9],
  [3,4,6,9],[3,5,7,9],[4,5,6,9]]

manifold_3_9_1115=[[1,2,3,4],[1,2,3,5],[1,2,4,6],
  [1,2,5,7],[1,2,6,8],[1,2,7,8],[1,3,4,5],
  [1,4,5,6],[1,5,6,9],[1,5,7,9],[1,6,8,9],
  [1,7,8,9],[2,3,4,6],[2,3,5,8],[2,3,6,8],
  [2,5,7,8],[3,4,5,6],[3,5,6,8],[5,6,7,8],
  [5,6,7,9],[6,7,8,9]]

manifold_3_9_1116=[[1,2,3,4],[1,2,3,5],[1,2,4,6],
  [1,2,5,7],[1,2,6,8],[1,2,7,8],[1,3,4,5],
  [1,4,5,6],[1,5,6,9],[1,5,7,9],[1,6,8,9],
  [1,7,8,9],[2,3,4,6],[2,3,5,8],[2,3,6,8],
  [2,5,7,8],[3,4,5,6],[3,5,6,8],[5,6,8,9],
  [5,7,8,9]]

manifold_3_9_1117=[[1,2,3,4],[1,2,3,5],[1,2,4,6],
  [1,2,5,7],[1,2,6,8],[1,2,7,8],[1,3,4,5],
  [1,4,5,6],[1,5,6,9],[1,5,7,9],[1,6,8,9],
  [1,7,8,9],[2,3,4,6],[2,3,5,8],[2,3,6,8],
  [2,5,7,8],[3,4,5,6],[3,5,6,9],[3,5,8,9],
  [3,6,8,9],[5,7,8,9]]

manifold_3_9_1118=[[1,2,3,4],[1,2,3,5],[1,2,4,6],
  [1,2,5,7],[1,2,6,8],[1,2,7,8],[1,3,4,5],
  [1,4,5,6],[1,5,6,9],[1,5,7,9],[1,6,8,9],
  [1,7,8,9],[2,3,4,6],[2,3,5,8],[2,3,6,8],
  [2,5,7,8],[3,4,5,8],[3,4,6,8],[4,5,6,7],
  [4,5,7,8],[4,6,7,8],[5,6,7,9],[6,7,8,9]]

manifold_3_9_1119=[[1,2,3,4],[1,2,3,5],[1,2,4,6],
  [1,2,5,7],[1,2,6,8],[1,2,7,8],[1,3,4,5],
  [1,4,5,6],[1,5,6,9],[1,5,7,9],[1,6,8,9],
  [1,7,8,9],[2,3,4,6],[2,3,5,8],[2,3,6,8],
  [2,5,7,8],[3,4,5,8],[3,4,6,8],[4,5,6,8],
  [5,6,8,9],[5,7,8,9]]

manifold_3_9_1120=[[1,2,3,4],[1,2,3,5],[1,2,4,6],
  [1,2,5,7],[1,2,6,8],[1,2,7,8],[1,3,4,5],
  [1,4,5,6],[1,5,6,9],[1,5,7,9],[1,6,8,9],
  [1,7,8,9],[2,3,4,6],[2,3,5,8],[2,3,6,8],
  [2,5,7,8],[3,4,5,8],[3,4,6,8],[4,5,6,9],
  [4,5,8,9],[4,6,8,9],[5,7,8,9]]

manifold_3_9_1121=[[1,2,3,4],[1,2,3,5],[1,2,4,6],
  [1,2,5,7],[1,2,6,8],[1,2,7,8],[1,3,4,5],
  [1,4,5,6],[1,5,6,9],[1,5,7,9],[1,6,8,9],
  [1,7,8,9],[2,3,4,6],[2,3,5,8],[2,3,6,8],
  [2,5,7,8],[3,4,5,8],[3,4,6,9],[3,4,8,9],
  [3,6,8,9],[4,5,6,7],[4,5,7,8],[4,6,7,9],
  [4,7,8,9],[5,6,7,9]]

manifold_3_9_1122=[[1,2,3,4],[1,2,3,5],[1,2,4,6],
  [1,2,5,7],[1,2,6,8],[1,2,7,8],[1,3,4,5],
  [1,4,5,6],[1,5,6,9],[1,5,7,9],[1,6,8,9],
  [1,7,8,9],[2,3,4,6],[2,3,5,8],[2,3,6,8],
  [2,5,7,8],[3,4,5,8],[3,4,6,9],[3,4,8,9],
  [3,6,8,9],[4,5,6,9],[4,5,8,9],[5,7,8,9]]

manifold_3_9_1123=[[1,2,3,4],[1,2,3,5],[1,2,4,6],
  [1,2,5,7],[1,2,6,8],[1,2,7,8],[1,3,4,5],
  [1,4,5,6],[1,5,6,9],[1,5,7,9],[1,6,8,9],
  [1,7,8,9],[2,3,4,6],[2,3,5,8],[2,3,6,8],
  [2,5,7,8],[3,4,5,9],[3,4,6,8],[3,4,8,9],
  [3,5,8,9],[4,5,6,9],[4,6,8,9],[5,7,8,9]]

manifold_3_9_1124=[[1,2,3,4],[1,2,3,5],[1,2,4,6],
  [1,2,5,7],[1,2,6,8],[1,2,7,8],[1,3,4,5],
  [1,4,5,6],[1,5,6,9],[1,5,7,9],[1,6,8,9],
  [1,7,8,9],[2,3,4,6],[2,3,5,8],[2,3,6,8],
  [2,5,7,8],[3,4,5,9],[3,4,6,9],[3,5,8,9],
  [3,6,8,9],[4,5,6,9],[5,7,8,9]]

manifold_3_9_1125=[[1,2,3,4],[1,2,3,5],[1,2,4,6],
  [1,2,5,7],[1,2,6,8],[1,2,7,8],[1,3,4,5],
  [1,4,5,6],[1,5,6,9],[1,5,7,9],[1,6,8,9],
  [1,7,8,9],[2,3,4,6],[2,3,5,9],[2,3,6,8],
  [2,3,8,9],[2,5,7,9],[2,7,8,9],[3,4,5,9],
  [3,4,6,9],[3,6,8,9],[4,5,6,9]]

manifold_3_9_1126=[[1,2,3,4],[1,2,3,5],[1,2,4,6],
  [1,2,5,7],[1,2,6,8],[1,2,7,8],[1,3,4,5],
  [1,4,5,6],[1,5,6,9],[1,5,7,9],[1,6,8,9],
  [1,7,8,9],[2,3,4,7],[2,3,5,7],[2,4,6,7],
  [2,6,7,8],[3,4,5,7],[4,5,6,7],[5,6,7,9],
  [6,7,8,9]]

manifold_3_9_1127=[[1,2,3,4],[1,2,3,5],[1,2,4,6],
  [1,2,5,7],[1,2,6,8],[1,2,7,8],[1,3,4,5],
  [1,4,5,6],[1,5,6,9],[1,5,7,9],[1,6,8,9],
  [1,7,8,9],[2,3,4,7],[2,3,5,7],[2,4,6,7],
  [2,6,7,8],[3,4,5,7],[4,5,6,9],[4,5,7,9],
  [4,6,7,8],[4,6,8,9],[4,7,8,9]]

manifold_3_9_1128=[[1,2,3,4],[1,2,3,5],[1,2,4,6],
  [1,2,5,7],[1,2,6,8],[1,2,7,8],[1,3,4,5],
  [1,4,5,6],[1,5,6,9],[1,5,7,9],[1,6,8,9],
  [1,7,8,9],[2,3,4,7],[2,3,5,7],[2,4,6,7],
  [2,6,7,8],[3,4,5,7],[4,5,6,9],[4,5,7,9],
  [4,6,7,9],[6,7,8,9]]

manifold_3_9_1129=[[1,2,3,4],[1,2,3,5],[1,2,4,6],
  [1,2,5,7],[1,2,6,8],[1,2,7,8],[1,3,4,5],
  [1,4,5,6],[1,5,6,9],[1,5,7,9],[1,6,8,9],
  [1,7,8,9],[2,3,4,7],[2,3,5,7],[2,4,6,7],
  [2,6,7,8],[3,4,5,8],[3,4,7,8],[3,5,7,9],
  [3,5,8,9],[3,7,8,9],[4,5,6,8],[4,6,7,8],
  [5,6,8,9]]

manifold_3_9_1130=[[1,2,3,4],[1,2,3,5],[1,2,4,6],
  [1,2,5,7],[1,2,6,8],[1,2,7,8],[1,3,4,5],
  [1,4,5,6],[1,5,6,9],[1,5,7,9],[1,6,8,9],
  [1,7,8,9],[2,3,4,7],[2,3,5,7],[2,4,6,7],
  [2,6,7,8],[3,4,5,9],[3,4,6,7],[3,4,6,9],
  [3,5,7,9],[3,6,7,9],[4,5,6,9],[6,7,8,9]]

manifold_3_9_1131=[[1,2,3,4],[1,2,3,5],[1,2,4,6],
  [1,2,5,7],[1,2,6,8],[1,2,7,8],[1,3,4,5],
  [1,4,5,6],[1,5,6,9],[1,5,7,9],[1,6,8,9],
  [1,7,8,9],[2,3,4,7],[2,3,5,7],[2,4,6,7],
  [2,6,7,8],[3,4,5,9],[3,4,7,8],[3,4,8,9],
  [3,5,7,9],[3,7,8,9],[4,5,6,9],[4,6,7,8],
  [4,6,8,9]]

manifold_3_9_1132=[[1,2,3,4],[1,2,3,5],[1,2,4,6],
  [1,2,5,7],[1,2,6,8],[1,2,7,8],[1,3,4,5],
  [1,4,5,6],[1,5,6,9],[1,5,7,9],[1,6,8,9],
  [1,7,8,9],[2,3,4,7],[2,3,5,7],[2,4,6,7],
  [2,6,7,8],[3,4,5,9],[3,4,7,9],[3,5,7,9],
  [4,5,6,9],[4,6,7,8],[4,6,8,9],[4,7,8,9]]

manifold_3_9_1133=[[1,2,3,4],[1,2,3,5],[1,2,4,6],
  [1,2,5,7],[1,2,6,8],[1,2,7,8],[1,3,4,5],
  [1,4,5,6],[1,5,6,9],[1,5,7,9],[1,6,8,9],
  [1,7,8,9],[2,3,4,7],[2,3,5,7],[2,4,6,7],
  [2,6,7,8],[3,4,5,9],[3,4,7,9],[3,5,7,9],
  [4,5,6,9],[4,6,7,9],[6,7,8,9]]

manifold_3_9_1134=[[1,2,3,4],[1,2,3,5],[1,2,4,6],
  [1,2,5,7],[1,2,6,8],[1,2,7,8],[1,3,4,5],
  [1,4,5,6],[1,5,6,9],[1,5,7,9],[1,6,8,9],
  [1,7,8,9],[2,3,4,7],[2,3,5,7],[2,4,6,8],
  [2,4,7,8],[3,4,5,7],[4,5,6,9],[4,5,7,9],
  [4,6,7,8],[4,6,7,9],[6,7,8,9]]

manifold_3_9_1135=[[1,2,3,4],[1,2,3,5],[1,2,4,6],
  [1,2,5,7],[1,2,6,8],[1,2,7,8],[1,3,4,5],
  [1,4,5,6],[1,5,6,9],[1,5,7,9],[1,6,8,9],
  [1,7,8,9],[2,3,4,7],[2,3,5,7],[2,4,6,8],
  [2,4,7,8],[3,4,5,7],[4,5,6,9],[4,5,7,9],
  [4,6,8,9],[4,7,8,9]]

manifold_3_9_1136=[[1,2,3,4],[1,2,3,5],[1,2,4,6],
  [1,2,5,7],[1,2,6,8],[1,2,7,8],[1,3,4,5],
  [1,4,5,6],[1,5,6,9],[1,5,7,9],[1,6,8,9],
  [1,7,8,9],[2,3,4,7],[2,3,5,7],[2,4,6,8],
  [2,4,7,8],[3,4,5,8],[3,4,7,8],[3,5,7,8],
  [4,5,6,8],[5,6,8,9],[5,7,8,9]]

manifold_3_9_1137=[[1,2,3,4],[1,2,3,5],[1,2,4,6],
  [1,2,5,7],[1,2,6,8],[1,2,7,8],[1,3,4,5],
  [1,4,5,6],[1,5,6,9],[1,5,7,9],[1,6,8,9],
  [1,7,8,9],[2,3,4,7],[2,3,5,7],[2,4,6,8],
  [2,4,7,8],[3,4,5,8],[3,4,7,8],[3,5,7,8],
  [4,5,6,9],[4,5,8,9],[4,6,8,9],[5,7,8,9]]

manifold_3_9_1138=[[1,2,3,4],[1,2,3,5],[1,2,4,6],
  [1,2,5,7],[1,2,6,8],[1,2,7,8],[1,3,4,5],
  [1,4,5,6],[1,5,6,9],[1,5,7,9],[1,6,8,9],
  [1,7,8,9],[2,3,4,7],[2,3,5,7],[2,4,6,8],
  [2,4,7,8],[3,4,5,8],[3,4,7,8],[3,5,7,9],
  [3,5,8,9],[3,7,8,9],[4,5,6,8],[5,6,8,9]]

manifold_3_9_1139=[[1,2,3,4],[1,2,3,5],[1,2,4,6],
  [1,2,5,7],[1,2,6,8],[1,2,7,8],[1,3,4,5],
  [1,4,5,6],[1,5,6,9],[1,5,7,9],[1,6,8,9],
  [1,7,8,9],[2,3,4,7],[2,3,5,7],[2,4,6,8],
  [2,4,7,8],[3,4,5,9],[3,4,7,8],[3,4,8,9],
  [3,5,7,9],[3,7,8,9],[4,5,6,9],[4,6,8,9]]

manifold_3_9_1140=[[1,2,3,4],[1,2,3,5],[1,2,4,6],
  [1,2,5,7],[1,2,6,8],[1,2,7,8],[1,3,4,5],
  [1,4,5,6],[1,5,6,9],[1,5,7,9],[1,6,8,9],
  [1,7,8,9],[2,3,4,7],[2,3,5,7],[2,4,6,8],
  [2,4,7,8],[3,4,5,9],[3,4,7,9],[3,5,7,9],
  [4,5,6,9],[4,6,7,8],[4,6,7,9],[6,7,8,9]]

manifold_3_9_1141=[[1,2,3,4],[1,2,3,5],[1,2,4,6],
  [1,2,5,7],[1,2,6,8],[1,2,7,8],[1,3,4,5],
  [1,4,5,6],[1,5,6,9],[1,5,7,9],[1,6,8,9],
  [1,7,8,9],[2,3,4,7],[2,3,5,7],[2,4,6,8],
  [2,4,7,8],[3,4,5,9],[3,4,7,9],[3,5,7,9],
  [4,5,6,9],[4,6,8,9],[4,7,8,9]]

manifold_3_9_1142=[[1,2,3,4],[1,2,3,5],[1,2,4,6],
  [1,2,5,7],[1,2,6,8],[1,2,7,8],[1,3,4,5],
  [1,4,5,6],[1,5,6,9],[1,5,7,9],[1,6,8,9],
  [1,7,8,9],[2,3,4,8],[2,3,5,7],[2,3,7,8],
  [2,4,6,8],[3,4,5,8],[3,5,7,8],[4,5,6,8],
  [5,6,8,9],[5,7,8,9]]

manifold_3_9_1143=[[1,2,3,4],[1,2,3,5],[1,2,4,6],
  [1,2,5,7],[1,2,6,8],[1,2,7,8],[1,3,4,5],
  [1,4,5,6],[1,5,6,9],[1,5,7,9],[1,6,8,9],
  [1,7,8,9],[2,3,4,8],[2,3,5,7],[2,3,7,8],
  [2,4,6,8],[3,4,5,8],[3,5,7,8],[4,5,6,9],
  [4,5,8,9],[4,6,8,9],[5,7,8,9]]

manifold_3_9_1144=[[1,2,3,4],[1,2,3,5],[1,2,4,6],
  [1,2,5,7],[1,2,6,8],[1,2,7,8],[1,3,4,5],
  [1,4,5,6],[1,5,6,9],[1,5,7,9],[1,6,8,9],
  [1,7,8,9],[2,3,4,8],[2,3,5,7],[2,3,7,8],
  [2,4,6,8],[3,4,5,8],[3,5,7,9],[3,5,8,9],
  [3,7,8,9],[4,5,6,8],[5,6,8,9]]

manifold_3_9_1145=[[1,2,3,4],[1,2,3,5],[1,2,4,6],
  [1,2,5,7],[1,2,6,8],[1,2,7,8],[1,3,4,5],
  [1,4,5,6],[1,5,6,9],[1,5,7,9],[1,6,8,9],
  [1,7,8,9],[2,3,4,8],[2,3,5,7],[2,3,7,8],
  [2,4,6,8],[3,4,5,9],[3,4,6,8],[3,4,6,9],
  [3,5,7,9],[3,6,8,9],[3,7,8,9],[4,5,6,9]]

manifold_3_9_1146=[[1,2,3,4],[1,2,3,5],[1,2,4,6],
  [1,2,5,7],[1,2,6,8],[1,2,7,8],[1,3,4,5],
  [1,4,5,6],[1,5,6,9],[1,5,7,9],[1,6,8,9],
  [1,7,8,9],[2,3,4,8],[2,3,5,7],[2,3,7,8],
  [2,4,6,8],[3,4,5,9],[3,4,7,8],[3,4,7,9],
  [3,5,7,9],[4,5,6,9],[4,6,7,8],[4,6,7,9],
  [6,7,8,9]]

manifold_3_9_1147=[[1,2,3,4],[1,2,3,5],[1,2,4,6],
  [1,2,5,7],[1,2,6,8],[1,2,7,8],[1,3,4,5],
  [1,4,5,6],[1,5,6,9],[1,5,7,9],[1,6,8,9],
  [1,7,8,9],[2,3,4,8],[2,3,5,7],[2,3,7,8],
  [2,4,6,8],[3,4,5,9],[3,4,7,8],[3,4,7,9],
  [3,5,7,9],[4,5,6,9],[4,6,8,9],[4,7,8,9]]

manifold_3_9_1148=[[1,2,3,4],[1,2,3,5],[1,2,4,6],
  [1,2,5,7],[1,2,6,8],[1,2,7,8],[1,3,4,5],
  [1,4,5,6],[1,5,6,9],[1,5,7,9],[1,6,8,9],
  [1,7,8,9],[2,3,4,8],[2,3,5,7],[2,3,7,8],
  [2,4,6,8],[3,4,5,9],[3,4,8,9],[3,5,7,9],
  [3,7,8,9],[4,5,6,9],[4,6,8,9]]

manifold_3_9_1149=[[1,2,3,4],[1,2,3,5],[1,2,4,6],
  [1,2,5,7],[1,2,6,8],[1,2,7,8],[1,3,4,5],
  [1,4,5,6],[1,5,6,9],[1,5,7,9],[1,6,8,9],
  [1,7,8,9],[2,3,4,8],[2,3,5,8],[2,4,6,8],
  [2,5,7,8],[3,4,5,8],[4,5,6,8],[5,6,8,9],
  [5,7,8,9]]

manifold_3_9_1150=[[1,2,3,4],[1,2,3,5],[1,2,4,6],
  [1,2,5,7],[1,2,6,8],[1,2,7,8],[1,3,4,5],
  [1,4,5,6],[1,5,6,9],[1,5,7,9],[1,6,8,9],
  [1,7,8,9],[2,3,4,8],[2,3,5,8],[2,4,6,8],
  [2,5,7,8],[3,4,5,8],[4,5,6,9],[4,5,7,8],
  [4,5,7,9],[4,6,8,9],[4,7,8,9]]

manifold_3_9_1151=[[1,2,3,4],[1,2,3,5],[1,2,4,6],
  [1,2,5,7],[1,2,6,8],[1,2,7,8],[1,3,4,5],
  [1,4,5,6],[1,5,6,9],[1,5,7,9],[1,6,8,9],
  [1,7,8,9],[2,3,4,8],[2,3,5,8],[2,4,6,8],
  [2,5,7,8],[3,4,5,8],[4,5,6,9],[4,5,8,9],
  [4,6,8,9],[5,7,8,9]]

manifold_3_9_1152=[[1,2,3,4],[1,2,3,5],[1,2,4,6],
  [1,2,5,7],[1,2,6,8],[1,2,7,8],[1,3,4,5],
  [1,4,5,6],[1,5,6,9],[1,5,7,9],[1,6,8,9],
  [1,7,8,9],[2,3,4,8],[2,3,5,8],[2,4,6,8],
  [2,5,7,8],[3,4,5,9],[3,4,8,9],[3,5,8,9],
  [4,5,6,9],[4,6,8,9],[5,7,8,9]]

manifold_3_9_1153=[[1,2,3,4],[1,2,3,5],[1,2,4,6],
  [1,2,5,7],[1,2,6,8],[1,2,7,8],[1,3,4,5],
  [1,4,5,6],[1,5,6,9],[1,5,7,9],[1,6,8,9],
  [1,7,8,9],[2,3,4,9],[2,3,5,8],[2,3,8,9],
  [2,4,6,9],[2,5,7,8],[2,6,8,9],[3,4,5,8],
  [3,4,8,9],[4,5,6,9],[4,5,7,8],[4,5,7,9],
  [4,7,8,9]]

manifold_3_9_1154=[[1,2,3,4],[1,2,3,5],[1,2,4,6],
  [1,2,5,7],[1,2,6,8],[1,2,7,8],[1,3,4,5],
  [1,4,5,9],[1,4,6,8],[1,4,8,9],[1,5,7,8],
  [1,5,8,9],[2,3,4,5],[2,4,5,6],[2,5,6,7],
  [2,6,7,8],[4,5,6,8],[4,5,8,9],[5,6,7,8]]

manifold_3_9_1155=[[1,2,3,4],[1,2,3,5],[1,2,4,6],
  [1,2,5,7],[1,2,6,8],[1,2,7,8],[1,3,4,5],
  [1,4,5,9],[1,4,6,8],[1,4,8,9],[1,5,7,8],
  [1,5,8,9],[2,3,4,5],[2,4,5,6],[2,5,6,7],
  [2,6,7,8],[4,5,6,9],[4,6,8,9],[5,6,7,8],
  [5,6,8,9]]

manifold_3_9_1156=[[1,2,3,4],[1,2,3,5],[1,2,4,6],
  [1,2,5,7],[1,2,6,8],[1,2,7,8],[1,3,4,5],
  [1,4,5,9],[1,4,6,8],[1,4,8,9],[1,5,7,8],
  [1,5,8,9],[2,3,4,5],[2,4,5,6],[2,5,6,7],
  [2,6,7,8],[4,5,6,9],[4,6,8,9],[5,6,7,9],
  [5,7,8,9],[6,7,8,9]]

manifold_3_9_1157=[[1,2,3,4],[1,2,3,5],[1,2,4,6],
  [1,2,5,7],[1,2,6,8],[1,2,7,8],[1,3,4,5],
  [1,4,5,9],[1,4,6,8],[1,4,8,9],[1,5,7,8],
  [1,5,8,9],[2,3,4,5],[2,4,5,6],[2,5,6,8],
  [2,5,7,8],[4,5,6,8],[4,5,8,9]]

manifold_3_9_1158=[[1,2,3,4],[1,2,3,5],[1,2,4,6],
  [1,2,5,7],[1,2,6,8],[1,2,7,8],[1,3,4,5],
  [1,4,5,9],[1,4,6,8],[1,4,8,9],[1,5,7,8],
  [1,5,8,9],[2,3,4,5],[2,4,5,8],[2,4,6,8],
  [2,5,7,8],[4,5,8,9]]

manifold_3_9_1159=[[1,2,3,4],[1,2,3,5],[1,2,4,6],
  [1,2,5,7],[1,2,6,8],[1,2,7,8],[1,3,4,5],
  [1,4,5,9],[1,4,6,8],[1,4,8,9],[1,5,7,8],
  [1,5,8,9],[2,3,4,6],[2,3,5,6],[2,5,6,7],
  [2,6,7,8],[3,4,5,6],[4,5,6,9],[4,6,8,9],
  [5,6,7,8],[5,6,8,9]]

manifold_3_9_1160=[[1,2,3,4],[1,2,3,5],[1,2,4,6],
  [1,2,5,7],[1,2,6,8],[1,2,7,8],[1,3,4,5],
  [1,4,5,9],[1,4,6,8],[1,4,8,9],[1,5,7,8],
  [1,5,8,9],[2,3,4,6],[2,3,5,6],[2,5,6,7],
  [2,6,7,8],[3,4,5,6],[4,5,6,9],[4,6,8,9],
  [5,6,7,9],[5,7,8,9],[6,7,8,9]]

manifold_3_9_1161=[[1,2,3,4],[1,2,3,5],[1,2,4,6],
  [1,2,5,7],[1,2,6,8],[1,2,7,8],[1,3,4,5],
  [1,4,5,9],[1,4,6,8],[1,4,8,9],[1,5,7,8],
  [1,5,8,9],[2,3,4,6],[2,3,5,6],[2,5,6,7],
  [2,6,7,8],[3,4,5,9],[3,4,6,9],[3,5,6,9],
  [4,6,8,9],[5,6,7,9],[5,7,8,9],[6,7,8,9]]

manifold_3_9_1162=[[1,2,3,4],[1,2,3,5],[1,2,4,6],
  [1,2,5,7],[1,2,6,8],[1,2,7,8],[1,3,4,5],
  [1,4,5,9],[1,4,6,8],[1,4,8,9],[1,5,7,8],
  [1,5,8,9],[2,3,4,6],[2,3,5,7],[2,3,6,7],
  [2,6,7,8],[3,4,5,9],[3,4,6,7],[3,4,7,9],
  [3,5,7,9],[4,6,7,9],[4,6,8,9],[5,7,8,9],
  [6,7,8,9]]

manifold_3_9_1163=[[1,2,3,4],[1,2,3,5],[1,2,4,6],
  [1,2,5,7],[1,2,6,8],[1,2,7,8],[1,3,4,5],
  [1,4,5,9],[1,4,6,8],[1,4,8,9],[1,5,7,8],
  [1,5,8,9],[2,3,4,6],[2,3,5,7],[2,3,6,7],
  [2,6,7,8],[3,4,5,9],[3,4,6,9],[3,5,7,9],
  [3,6,7,9],[4,6,8,9],[5,7,8,9],[6,7,8,9]]

manifold_3_9_1164=[[1,2,3,4],[1,2,3,5],[1,2,4,6],
  [1,2,5,7],[1,2,6,8],[1,2,7,8],[1,3,4,5],
  [1,4,5,9],[1,4,6,8],[1,4,8,9],[1,5,7,9],
  [1,7,8,9],[2,3,4,5],[2,4,5,6],[2,5,6,7],
  [2,6,7,8],[4,5,6,8],[4,5,8,9],[5,6,7,8],
  [5,7,8,9]]

manifold_3_9_1165=[[1,2,3,4],[1,2,3,5],[1,2,4,6],
  [1,2,5,7],[1,2,6,8],[1,2,7,8],[1,3,4,5],
  [1,4,5,9],[1,4,6,8],[1,4,8,9],[1,5,7,9],
  [1,7,8,9],[2,3,4,5],[2,4,5,6],[2,5,6,7],
  [2,6,7,8],[4,5,6,8],[4,5,8,9],[5,6,7,9],
  [5,6,8,9],[6,7,8,9]]

manifold_3_9_1166=[[1,2,3,4],[1,2,3,5],[1,2,4,6],
  [1,2,5,7],[1,2,6,8],[1,2,7,8],[1,3,4,5],
  [1,4,5,9],[1,4,6,8],[1,4,8,9],[1,5,7,9],
  [1,7,8,9],[2,3,4,5],[2,4,5,6],[2,5,6,7],
  [2,6,7,8],[4,5,6,9],[4,6,8,9],[5,6,7,8],
  [5,6,8,9],[5,7,8,9]]

manifold_3_9_1167=[[1,2,3,4],[1,2,3,5],[1,2,4,6],
  [1,2,5,7],[1,2,6,8],[1,2,7,8],[1,3,4,5],
  [1,4,5,9],[1,4,6,8],[1,4,8,9],[1,5,7,9],
  [1,7,8,9],[2,3,4,5],[2,4,5,6],[2,5,6,7],
  [2,6,7,8],[4,5,6,9],[4,6,8,9],[5,6,7,9],
  [6,7,8,9]]

manifold_3_9_1168=[[1,2,3,4],[1,2,3,5],[1,2,4,6],
  [1,2,5,7],[1,2,6,8],[1,2,7,8],[1,3,4,5],
  [1,4,5,9],[1,4,6,8],[1,4,8,9],[1,5,7,9],
  [1,7,8,9],[2,3,4,5],[2,4,5,6],[2,5,6,8],
  [2,5,7,8],[4,5,6,8],[4,5,8,9],[5,7,8,9]]

manifold_3_9_1169=[[1,2,3,4],[1,2,3,5],[1,2,4,6],
  [1,2,5,7],[1,2,6,8],[1,2,7,8],[1,3,4,5],
  [1,4,5,9],[1,4,6,8],[1,4,8,9],[1,5,7,9],
  [1,7,8,9],[2,3,4,5],[2,4,5,7],[2,4,6,7],
  [2,6,7,8],[4,5,7,8],[4,5,8,9],[4,6,7,8],
  [5,7,8,9]]

manifold_3_9_1170=[[1,2,3,4],[1,2,3,5],[1,2,4,6],
  [1,2,5,7],[1,2,6,8],[1,2,7,8],[1,3,4,5],
  [1,4,5,9],[1,4,6,8],[1,4,8,9],[1,5,7,9],
  [1,7,8,9],[2,3,4,5],[2,4,5,7],[2,4,6,7],
  [2,6,7,8],[4,5,7,9],[4,6,7,8],[4,7,8,9]]

manifold_3_9_1171=[[1,2,3,4],[1,2,3,5],[1,2,4,6],
  [1,2,5,7],[1,2,6,8],[1,2,7,8],[1,3,4,5],
  [1,4,5,9],[1,4,6,8],[1,4,8,9],[1,5,7,9],
  [1,7,8,9],[2,3,4,5],[2,4,5,7],[2,4,6,7],
  [2,6,7,8],[4,5,7,9],[4,6,7,9],[4,6,8,9],
  [6,7,8,9]]

manifold_3_9_1172=[[1,2,3,4],[1,2,3,5],[1,2,4,6],
  [1,2,5,7],[1,2,6,8],[1,2,7,8],[1,3,4,5],
  [1,4,5,9],[1,4,6,8],[1,4,8,9],[1,5,7,9],
  [1,7,8,9],[2,3,4,5],[2,4,5,7],[2,4,6,8],
  [2,4,7,8],[4,5,7,9],[4,7,8,9]]

manifold_3_9_1173=[[1,2,3,4],[1,2,3,5],[1,2,4,6],
  [1,2,5,7],[1,2,6,8],[1,2,7,8],[1,3,4,5],
  [1,4,5,9],[1,4,6,8],[1,4,8,9],[1,5,7,9],
  [1,7,8,9],[2,3,4,5],[2,4,5,8],[2,4,6,8],
  [2,5,7,8],[4,5,8,9],[5,7,8,9]]

manifold_3_9_1174=[[1,2,3,4],[1,2,3,5],[1,2,4,6],
  [1,2,5,7],[1,2,6,8],[1,2,7,8],[1,3,4,5],
  [1,4,5,9],[1,4,6,8],[1,4,8,9],[1,5,7,9],
  [1,7,8,9],[2,3,4,6],[2,3,5,6],[2,5,6,7],
  [2,6,7,8],[3,4,5,6],[4,5,6,8],[4,5,8,9],
  [5,6,7,8],[5,7,8,9]]

manifold_3_9_1175=[[1,2,3,4],[1,2,3,5],[1,2,4,6],
  [1,2,5,7],[1,2,6,8],[1,2,7,8],[1,3,4,5],
  [1,4,5,9],[1,4,6,8],[1,4,8,9],[1,5,7,9],
  [1,7,8,9],[2,3,4,6],[2,3,5,6],[2,5,6,7],
  [2,6,7,8],[3,4,5,6],[4,5,6,9],[4,6,8,9],
  [5,6,7,9],[6,7,8,9]]

manifold_3_9_1176=[[1,2,3,4],[1,2,3,5],[1,2,4,6],
  [1,2,5,7],[1,2,6,8],[1,2,7,8],[1,3,4,5],
  [1,4,5,9],[1,4,6,8],[1,4,8,9],[1,5,7,9],
  [1,7,8,9],[2,3,4,6],[2,3,5,6],[2,5,6,7],
  [2,6,7,8],[3,4,5,7],[3,4,6,7],[3,5,6,7],
  [4,5,7,9],[4,6,7,8],[4,7,8,9]]

manifold_3_9_1177=[[1,2,3,4],[1,2,3,5],[1,2,4,6],
  [1,2,5,7],[1,2,6,8],[1,2,7,8],[1,3,4,5],
  [1,4,5,9],[1,4,6,8],[1,4,8,9],[1,5,7,9],
  [1,7,8,9],[2,3,4,6],[2,3,5,6],[2,5,6,7],
  [2,6,7,8],[3,4,5,8],[3,4,6,8],[3,5,6,8],
  [4,5,8,9],[5,6,7,8],[5,7,8,9]]

manifold_3_9_1178=[[1,2,3,4],[1,2,3,5],[1,2,4,6],
  [1,2,5,7],[1,2,6,8],[1,2,7,8],[1,3,4,5],
  [1,4,5,9],[1,4,6,8],[1,4,8,9],[1,5,7,9],
  [1,7,8,9],[2,3,4,6],[2,3,5,6],[2,5,6,7],
  [2,6,7,8],[3,4,5,9],[3,4,6,7],[3,4,7,9],
  [3,5,6,7],[3,5,7,9],[4,6,7,8],[4,7,8,9]]

manifold_3_9_1179=[[1,2,3,4],[1,2,3,5],[1,2,4,6],
  [1,2,5,7],[1,2,6,8],[1,2,7,8],[1,3,4,5],
  [1,4,5,9],[1,4,6,8],[1,4,8,9],[1,5,7,9],
  [1,7,8,9],[2,3,4,6],[2,3,5,6],[2,5,6,7],
  [2,6,7,8],[3,4,5,9],[3,4,6,8],[3,4,8,9],
  [3,5,6,8],[3,5,8,9],[5,6,7,8],[5,7,8,9]]

manifold_3_9_1180=[[1,2,3,4],[1,2,3,5],[1,2,4,6],
  [1,2,5,7],[1,2,6,8],[1,2,7,8],[1,3,4,5],
  [1,4,5,9],[1,4,6,8],[1,4,8,9],[1,5,7,9],
  [1,7,8,9],[2,3,4,6],[2,3,5,6],[2,5,6,7],
  [2,6,7,8],[3,4,5,9],[3,4,6,9],[3,5,6,7],
  [3,5,7,9],[3,6,7,9],[4,6,8,9],[6,7,8,9]]

manifold_3_9_1181=[[1,2,3,4],[1,2,3,5],[1,2,4,6],
  [1,2,5,7],[1,2,6,8],[1,2,7,8],[1,3,4,5],
  [1,4,5,9],[1,4,6,8],[1,4,8,9],[1,5,7,9],
  [1,7,8,9],[2,3,4,6],[2,3,5,6],[2,5,6,7],
  [2,6,7,8],[3,4,5,9],[3,4,6,9],[3,5,6,9],
  [4,6,8,9],[5,6,7,8],[5,6,8,9],[5,7,8,9]]

manifold_3_9_1182=[[1,2,3,4],[1,2,3,5],[1,2,4,6],
  [1,2,5,7],[1,2,6,8],[1,2,7,8],[1,3,4,5],
  [1,4,5,9],[1,4,6,8],[1,4,8,9],[1,5,7,9],
  [1,7,8,9],[2,3,4,6],[2,3,5,6],[2,5,6,7],
  [2,6,7,8],[3,4,5,9],[3,4,6,9],[3,5,6,9],
  [4,6,8,9],[5,6,7,9],[6,7,8,9]]

manifold_3_9_1183=[[1,2,3,4],[1,2,3,5],[1,2,4,6],
  [1,2,5,7],[1,2,6,8],[1,2,7,8],[1,3,4,5],
  [1,4,5,9],[1,4,6,8],[1,4,8,9],[1,5,7,9],
  [1,7,8,9],[2,3,4,6],[2,3,5,6],[2,5,6,8],
  [2,5,7,8],[3,4,5,6],[4,5,6,8],[4,5,8,9],
  [5,7,8,9]]

manifold_3_9_1184=[[1,2,3,4],[1,2,3,5],[1,2,4,6],
  [1,2,5,7],[1,2,6,8],[1,2,7,8],[1,3,4,5],
  [1,4,5,9],[1,4,6,8],[1,4,8,9],[1,5,7,9],
  [1,7,8,9],[2,3,4,6],[2,3,5,6],[2,5,6,8],
  [2,5,7,8],[3,4,5,8],[3,4,6,8],[3,5,6,8],
  [4,5,8,9],[5,7,8,9]]

manifold_3_9_1185=[[1,2,3,4],[1,2,3,5],[1,2,4,6],
  [1,2,5,7],[1,2,6,8],[1,2,7,8],[1,3,4,5],
  [1,4,5,9],[1,4,6,8],[1,4,8,9],[1,5,7,9],
  [1,7,8,9],[2,3,4,6],[2,3,5,6],[2,5,6,8],
  [2,5,7,8],[3,4,5,9],[3,4,6,9],[3,5,6,8],
  [3,5,8,9],[3,6,8,9],[4,6,8,9],[5,7,8,9]]

manifold_3_9_1186=[[1,2,3,4],[1,2,3,5],[1,2,4,6],
  [1,2,5,7],[1,2,6,8],[1,2,7,8],[1,3,4,5],
  [1,4,5,9],[1,4,6,8],[1,4,8,9],[1,5,7,9],
  [1,7,8,9],[2,3,4,6],[2,3,5,6],[2,5,6,8],
  [2,5,7,8],[3,4,5,9],[3,4,6,9],[3,5,6,9],
  [4,6,8,9],[5,6,7,8],[5,6,7,9],[6,7,8,9]]

manifold_3_9_1187=[[1,2,3,4],[1,2,3,5],[1,2,4,6],
  [1,2,5,7],[1,2,6,8],[1,2,7,8],[1,3,4,5],
  [1,4,5,9],[1,4,6,8],[1,4,8,9],[1,5,7,9],
  [1,7,8,9],[2,3,4,6],[2,3,5,6],[2,5,6,8],
  [2,5,7,8],[3,4,5,9],[3,4,6,9],[3,5,6,9],
  [4,6,8,9],[5,6,8,9],[5,7,8,9]]

manifold_3_9_1188=[[1,2,3,4],[1,2,3,5],[1,2,4,6],
  [1,2,5,7],[1,2,6,8],[1,2,7,8],[1,3,4,5],
  [1,4,5,9],[1,4,6,8],[1,4,8,9],[1,5,7,9],
  [1,7,8,9],[2,3,4,6],[2,3,5,7],[2,3,6,7],
  [2,6,7,8],[3,4,5,7],[3,4,6,7],[4,5,7,9],
  [4,6,7,8],[4,7,8,9]]

manifold_3_9_1189=[[1,2,3,4],[1,2,3,5],[1,2,4,6],
  [1,2,5,7],[1,2,6,8],[1,2,7,8],[1,3,4,5],
  [1,4,5,9],[1,4,6,8],[1,4,8,9],[1,5,7,9],
  [1,7,8,9],[2,3,4,6],[2,3,5,7],[2,3,6,7],
  [2,6,7,8],[3,4,5,7],[3,4,6,7],[4,5,7,9],
  [4,6,7,9],[4,6,8,9],[6,7,8,9]]

manifold_3_9_1190=[[1,2,3,4],[1,2,3,5],[1,2,4,6],
  [1,2,5,7],[1,2,6,8],[1,2,7,8],[1,3,4,5],
  [1,4,5,9],[1,4,6,8],[1,4,8,9],[1,5,7,9],
  [1,7,8,9],[2,3,4,6],[2,3,5,7],[2,3,6,7],
  [2,6,7,8],[3,4,5,9],[3,4,6,9],[3,5,6,7],
  [3,5,6,9],[4,6,8,9],[5,6,7,9],[6,7,8,9]]

manifold_3_9_1191=[[1,2,3,4],[1,2,3,5],[1,2,4,6],
  [1,2,5,7],[1,2,6,8],[1,2,7,8],[1,3,4,5],
  [1,4,5,9],[1,4,6,8],[1,4,8,9],[1,5,7,9],
  [1,7,8,9],[2,3,4,6],[2,3,5,7],[2,3,6,7],
  [2,6,7,8],[3,4,5,9],[3,4,6,9],[3,5,7,9],
  [3,6,7,9],[4,6,8,9],[6,7,8,9]]

manifold_3_9_1192=[[1,2,3,4],[1,2,3,5],[1,2,4,6],
  [1,2,5,7],[1,2,6,8],[1,2,7,8],[1,3,4,5],
  [1,4,5,9],[1,4,6,8],[1,4,8,9],[1,5,7,9],
  [1,7,8,9],[2,3,4,7],[2,3,5,7],[2,4,6,7],
  [2,6,7,8],[3,4,5,7],[4,5,7,9],[4,6,7,8],
  [4,7,8,9]]

manifold_3_9_1193=[[1,2,3,4],[1,2,3,5],[1,2,4,6],
  [1,2,5,7],[1,2,6,8],[1,2,7,8],[1,3,4,5],
  [1,4,5,9],[1,4,6,8],[1,4,8,9],[1,5,7,9],
  [1,7,8,9],[2,3,4,7],[2,3,5,7],[2,4,6,7],
  [2,6,7,8],[3,4,5,7],[4,5,7,9],[4,6,7,9],
  [4,6,8,9],[6,7,8,9]]

manifold_3_9_1194=[[1,2,3,4],[1,2,3,5],[1,2,4,6],
  [1,2,5,7],[1,2,6,8],[1,2,7,8],[1,3,4,5],
  [1,4,5,9],[1,4,6,8],[1,4,8,9],[1,5,7,9],
  [1,7,8,9],[2,3,4,7],[2,3,5,7],[2,4,6,7],
  [2,6,7,8],[3,4,5,9],[3,4,7,9],[3,5,7,9],
  [4,6,7,9],[4,6,8,9],[6,7,8,9]]

manifold_3_9_1195=[[1,2,3,4],[1,2,3,5],[1,2,4,6],
  [1,2,5,7],[1,2,6,8],[1,2,7,8],[1,3,4,5],
  [1,4,5,9],[1,4,6,9],[1,5,7,9],[1,6,7,8],
  [1,6,7,9],[2,3,4,5],[2,4,5,6],[2,5,6,7],
  [2,6,7,8],[4,5,6,7],[4,5,7,9],[4,6,7,9]]

manifold_3_9_1196=[[1,2,3,4],[1,2,3,5],[1,2,4,6],
  [1,2,5,7],[1,2,6,8],[1,2,7,8],[1,3,4,5],
  [1,4,5,9],[1,4,6,9],[1,5,7,9],[1,6,7,8],
  [1,6,7,9],[2,3,4,5],[2,4,5,6],[2,5,6,7],
  [2,6,7,8],[4,5,6,9],[5,6,7,9]]

manifold_3_9_1197=[[1,2,3,4],[1,2,3,5],[1,2,4,6],
  [1,2,5,7],[1,2,6,8],[1,2,7,8],[1,3,4,5],
  [1,4,5,9],[1,4,6,9],[1,5,7,9],[1,6,7,8],
  [1,6,7,9],[2,3,4,5],[2,4,5,6],[2,5,6,8],
  [2,5,7,8],[4,5,6,9],[5,6,7,8],[5,6,7,9]]

manifold_3_9_1198=[[1,2,3,4],[1,2,3,5],[1,2,4,6],
  [1,2,5,7],[1,2,6,8],[1,2,7,8],[1,3,4,5],
  [1,4,5,9],[1,4,6,9],[1,5,7,9],[1,6,7,8],
  [1,6,7,9],[2,3,4,5],[2,4,5,6],[2,5,6,8],
  [2,5,7,8],[4,5,6,9],[5,6,8,9],[5,7,8,9],
  [6,7,8,9]]

manifold_3_9_1199=[[1,2,3,4],[1,2,3,5],[1,2,4,6],
  [1,2,5,7],[1,2,6,8],[1,2,7,8],[1,3,4,5],
  [1,4,5,9],[1,4,6,9],[1,5,7,9],[1,6,7,8],
  [1,6,7,9],[2,3,4,5],[2,4,5,8],[2,4,6,8],
  [2,5,7,8],[4,5,6,8],[4,5,6,9],[5,6,7,8],
  [5,6,7,9]]

manifold_3_9_1200=[[1,2,3,4],[1,2,3,5],[1,2,4,6],
  [1,2,5,7],[1,2,6,8],[1,2,7,8],[1,3,4,5],
  [1,4,5,9],[1,4,6,9],[1,5,7,9],[1,6,7,8],
  [1,6,7,9],[2,3,4,5],[2,4,5,8],[2,4,6,8],
  [2,5,7,8],[4,5,6,8],[4,5,6,9],[5,6,8,9],
  [5,7,8,9],[6,7,8,9]]

manifold_3_9_1201=[[1,2,3,4],[1,2,3,5],[1,2,4,6],
  [1,2,5,7],[1,2,6,8],[1,2,7,8],[1,3,4,5],
  [1,4,5,9],[1,4,6,9],[1,5,7,9],[1,6,7,8],
  [1,6,7,9],[2,3,4,5],[2,4,5,8],[2,4,6,8],
  [2,5,7,8],[4,5,8,9],[4,6,7,8],[4,6,7,9],
  [4,7,8,9],[5,7,8,9]]

manifold_3_9_1202=[[1,2,3,4],[1,2,3,5],[1,2,4,6],
  [1,2,5,7],[1,2,6,8],[1,2,7,8],[1,3,4,5],
  [1,4,5,9],[1,4,6,9],[1,5,7,9],[1,6,7,8],
  [1,6,7,9],[2,3,4,5],[2,4,5,8],[2,4,6,8],
  [2,5,7,8],[4,5,8,9],[4,6,8,9],[5,7,8,9],
  [6,7,8,9]]

manifold_3_9_1203=[[1,2,3,4],[1,2,3,5],[1,2,4,6],
  [1,2,5,7],[1,2,6,8],[1,2,7,8],[1,3,4,5],
  [1,4,5,9],[1,4,6,9],[1,5,7,9],[1,6,7,8],
  [1,6,7,9],[2,3,4,5],[2,4,5,9],[2,4,6,9],
  [2,5,7,9],[2,6,7,8],[2,6,7,9]]

manifold_3_9_1204=[[1,2,3,4],[1,2,3,5],[1,2,4,6],
  [1,2,5,7],[1,2,6,8],[1,2,7,8],[1,3,4,5],
  [1,4,5,9],[1,4,6,9],[1,5,7,9],[1,6,7,8],
  [1,6,7,9],[2,3,4,5],[2,4,5,9],[2,4,6,9],
  [2,5,7,9],[2,6,8,9],[2,7,8,9],[6,7,8,9]]

manifold_3_9_1205=[[1,2,3,4],[1,2,3,5],[1,2,4,6],
  [1,2,5,7],[1,2,6,8],[1,2,7,8],[1,3,4,5],
  [1,4,5,9],[1,4,6,9],[1,5,7,9],[1,6,7,8],
  [1,6,7,9],[2,3,4,6],[2,3,5,6],[2,5,6,8],
  [2,5,7,8],[3,4,5,6],[4,5,6,7],[4,5,7,9],
  [4,6,7,9],[5,6,7,8]]

manifold_3_9_1206=[[1,2,3,4],[1,2,3,5],[1,2,4,6],
  [1,2,5,7],[1,2,6,8],[1,2,7,8],[1,3,4,5],
  [1,4,5,9],[1,4,6,9],[1,5,7,9],[1,6,7,8],
  [1,6,7,9],[2,3,4,6],[2,3,5,6],[2,5,6,8],
  [2,5,7,8],[3,4,5,6],[4,5,6,9],[5,6,7,8],
  [5,6,7,9]]

manifold_3_9_1207=[[1,2,3,4],[1,2,3,5],[1,2,4,6],
  [1,2,5,7],[1,2,6,8],[1,2,7,8],[1,3,4,5],
  [1,4,5,9],[1,4,6,9],[1,5,7,9],[1,6,7,8],
  [1,6,7,9],[2,3,4,6],[2,3,5,6],[2,5,6,8],
  [2,5,7,8],[3,4,5,6],[4,5,6,9],[5,6,8,9],
  [5,7,8,9],[6,7,8,9]]

manifold_3_9_1208=[[1,2,3,4],[1,2,3,5],[1,2,4,6],
  [1,2,5,7],[1,2,6,8],[1,2,7,8],[1,3,4,5],
  [1,4,5,9],[1,4,6,9],[1,5,7,9],[1,6,7,8],
  [1,6,7,9],[2,3,4,6],[2,3,5,6],[2,5,6,8],
  [2,5,7,8],[3,4,5,8],[3,4,6,7],[3,4,7,8],
  [3,5,6,8],[3,6,7,8],[4,5,7,8],[4,5,7,9],
  [4,6,7,9]]

manifold_3_9_1209=[[1,2,3,4],[1,2,3,5],[1,2,4,6],
  [1,2,5,7],[1,2,6,8],[1,2,7,8],[1,3,4,5],
  [1,4,5,9],[1,4,6,9],[1,5,7,9],[1,6,7,8],
  [1,6,7,9],[2,3,4,6],[2,3,5,6],[2,5,6,8],
  [2,5,7,8],[3,4,5,9],[3,4,6,9],[3,5,6,8],
  [3,5,8,9],[3,6,8,9],[5,7,8,9],[6,7,8,9]]

manifold_3_9_1210=[[1,2,3,4],[1,2,3,5],[1,2,4,6],
  [1,2,5,7],[1,2,6,8],[1,2,7,8],[1,3,4,5],
  [1,4,5,9],[1,4,6,9],[1,5,7,9],[1,6,7,8],
  [1,6,7,9],[2,3,4,6],[2,3,5,6],[2,5,6,8],
  [2,5,7,8],[3,4,5,9],[3,4,6,9],[3,5,6,9],
  [5,6,8,9],[5,7,8,9],[6,7,8,9]]

manifold_3_9_1211=[[1,2,3,4],[1,2,3,5],[1,2,4,6],
  [1,2,5,7],[1,2,6,8],[1,2,7,8],[1,3,4,5],
  [1,4,5,9],[1,4,6,9],[1,5,7,9],[1,6,7,8],
  [1,6,7,9],[2,3,4,6],[2,3,5,7],[2,3,6,8],
  [2,3,7,8],[3,4,5,6],[3,5,6,7],[3,6,7,8],
  [4,5,6,9],[5,6,7,9]]

manifold_3_9_1212=[[1,2,3,4],[1,2,3,5],[1,2,4,6],
  [1,2,5,7],[1,2,6,8],[1,2,7,8],[1,3,4,5],
  [1,4,5,9],[1,4,6,9],[1,5,7,9],[1,6,7,8],
  [1,6,7,9],[2,3,4,6],[2,3,5,7],[2,3,6,8],
  [2,3,7,8],[3,4,5,6],[3,5,6,8],[3,5,7,8],
  [4,5,6,9],[5,6,8,9],[5,7,8,9],[6,7,8,9]]

manifold_3_9_1213=[[1,2,3,4],[1,2,3,5],[1,2,4,6],
  [1,2,5,7],[1,2,6,8],[1,2,7,8],[1,3,4,5],
  [1,4,5,9],[1,4,6,9],[1,5,7,9],[1,6,7,8],
  [1,6,7,9],[2,3,4,6],[2,3,5,7],[2,3,6,8],
  [2,3,7,8],[3,4,5,9],[3,4,6,9],[3,5,7,9],
  [3,6,7,8],[3,6,7,9]]

manifold_3_9_1214=[[1,2,3,4],[1,2,3,5],[1,2,4,6],
  [1,2,5,7],[1,2,6,8],[1,2,7,8],[1,3,4,5],
  [1,4,5,9],[1,4,6,9],[1,5,7,9],[1,6,7,8],
  [1,6,7,9],[2,3,4,6],[2,3,5,7],[2,3,6,8],
  [2,3,7,8],[3,4,5,9],[3,4,6,9],[3,5,7,9],
  [3,6,8,9],[3,7,8,9],[6,7,8,9]]

manifold_3_9_1215=[[1,2,3,4],[1,2,3,5],[1,2,4,6],
  [1,2,5,7],[1,2,6,8],[1,2,7,8],[1,3,4,5],
  [1,4,5,9],[1,4,6,9],[1,5,7,9],[1,6,7,8],
  [1,6,7,9],[2,3,4,6],[2,3,5,8],[2,3,6,8],
  [2,5,7,8],[3,4,5,6],[3,5,6,8],[4,5,6,7],
  [4,5,7,9],[4,6,7,9],[5,6,7,8]]

manifold_3_9_1216=[[1,2,3,4],[1,2,3,5],[1,2,4,6],
  [1,2,5,7],[1,2,6,8],[1,2,7,8],[1,3,4,5],
  [1,4,5,9],[1,4,6,9],[1,5,7,9],[1,6,7,8],
  [1,6,7,9],[2,3,4,6],[2,3,5,8],[2,3,6,8],
  [2,5,7,8],[3,4,5,6],[3,5,6,8],[4,5,6,9],
  [5,6,7,8],[5,6,7,9]]

manifold_3_9_1217=[[1,2,3,4],[1,2,3,5],[1,2,4,6],
  [1,2,5,7],[1,2,6,8],[1,2,7,8],[1,3,4,5],
  [1,4,5,9],[1,4,6,9],[1,5,7,9],[1,6,7,8],
  [1,6,7,9],[2,3,4,6],[2,3,5,8],[2,3,6,8],
  [2,5,7,8],[3,4,5,6],[3,5,6,8],[4,5,6,9],
  [5,6,8,9],[5,7,8,9],[6,7,8,9]]

manifold_3_9_1218=[[1,2,3,4],[1,2,3,5],[1,2,4,6],
  [1,2,5,7],[1,2,6,8],[1,2,7,8],[1,3,4,5],
  [1,4,5,9],[1,4,6,9],[1,5,7,9],[1,6,7,8],
  [1,6,7,9],[2,3,4,6],[2,3,5,8],[2,3,6,8],
  [2,5,7,8],[3,4,5,7],[3,4,6,7],[3,5,7,8],
  [3,6,7,8],[4,5,7,9],[4,6,7,9]]

manifold_3_9_1219=[[1,2,3,4],[1,2,3,5],[1,2,4,6],
  [1,2,5,7],[1,2,6,8],[1,2,7,8],[1,3,4,5],
  [1,4,5,9],[1,4,6,9],[1,5,7,9],[1,6,7,8],
  [1,6,7,9],[2,3,4,6],[2,3,5,8],[2,3,6,8],
  [2,5,7,8],[3,4,5,8],[3,4,6,7],[3,4,7,8],
  [3,6,7,8],[4,5,7,8],[4,5,7,9],[4,6,7,9]]

manifold_3_9_1220=[[1,2,3,4],[1,2,3,5],[1,2,4,6],
  [1,2,5,7],[1,2,6,8],[1,2,7,8],[1,3,4,5],
  [1,4,5,9],[1,4,6,9],[1,5,7,9],[1,6,7,8],
  [1,6,7,9],[2,3,4,6],[2,3,5,8],[2,3,6,8],
  [2,5,7,8],[3,4,5,8],[3,4,6,8],[4,5,8,9],
  [4,6,8,9],[5,7,8,9],[6,7,8,9]]

manifold_3_9_1221=[[1,2,3,4],[1,2,3,5],[1,2,4,6],
  [1,2,5,7],[1,2,6,8],[1,2,7,8],[1,3,4,5],
  [1,4,5,9],[1,4,6,9],[1,5,7,9],[1,6,7,8],
  [1,6,7,9],[2,3,4,6],[2,3,5,8],[2,3,6,8],
  [2,5,7,8],[3,4,5,8],[3,4,6,9],[3,4,8,9],
  [3,6,8,9],[4,5,8,9],[5,7,8,9],[6,7,8,9]]

manifold_3_9_1222=[[1,2,3,4],[1,2,3,5],[1,2,4,6],
  [1,2,5,7],[1,2,6,8],[1,2,7,8],[1,3,4,5],
  [1,4,5,9],[1,4,6,9],[1,5,7,9],[1,6,7,8],
  [1,6,7,9],[2,3,4,6],[2,3,5,8],[2,3,6,8],
  [2,5,7,8],[3,4,5,9],[3,4,6,8],[3,4,8,9],
  [3,5,8,9],[4,6,8,9],[5,7,8,9],[6,7,8,9]]

manifold_3_9_1223=[[1,2,3,4],[1,2,3,5],[1,2,4,6],
  [1,2,5,7],[1,2,6,8],[1,2,7,8],[1,3,4,5],
  [1,4,5,9],[1,4,6,9],[1,5,7,9],[1,6,7,8],
  [1,6,7,9],[2,3,4,6],[2,3,5,8],[2,3,6,8],
  [2,5,7,8],[3,4,5,9],[3,4,6,9],[3,5,8,9],
  [3,6,8,9],[5,7,8,9],[6,7,8,9]]

manifold_3_9_1224=[[1,2,3,4],[1,2,3,5],[1,2,4,6],
  [1,2,5,7],[1,2,6,8],[1,2,7,8],[1,3,4,5],
  [1,4,5,9],[1,4,6,9],[1,5,7,9],[1,6,7,8],
  [1,6,7,9],[2,3,4,6],[2,3,5,9],[2,3,6,9],
  [2,5,7,8],[2,5,8,9],[2,6,8,9],[3,4,5,9],
  [3,4,6,9],[5,7,8,9],[6,7,8,9]]

manifold_3_9_1225=[[1,2,3,4],[1,2,3,5],[1,2,4,6],
  [1,2,5,7],[1,2,6,8],[1,2,7,8],[1,3,4,5],
  [1,4,5,9],[1,4,6,9],[1,5,7,9],[1,6,7,8],
  [1,6,7,9],[2,3,4,6],[2,3,5,9],[2,3,6,9],
  [2,5,7,9],[2,6,8,9],[2,7,8,9],[3,4,5,9],
  [3,4,6,9],[6,7,8,9]]

manifold_3_9_1226=[[1,2,3,4],[1,2,3,5],[1,2,4,6],
  [1,2,5,7],[1,2,6,8],[1,2,7,8],[1,3,4,5],
  [1,4,5,9],[1,4,6,9],[1,5,7,9],[1,6,7,8],
  [1,6,7,9],[2,3,4,9],[2,3,5,9],[2,4,6,9],
  [2,5,7,9],[2,6,8,9],[2,7,8,9],[3,4,5,9],
  [6,7,8,9]]

manifold_3_9_1227=[[1,2,3,4],[1,2,3,5],[1,2,4,6],
  [1,2,5,7],[1,2,6,8],[1,2,7,8],[1,3,4,5],
  [1,4,5,9],[1,4,6,9],[1,5,7,9],[1,6,8,9],
  [1,7,8,9],[2,3,4,5],[2,4,5,6],[2,5,6,7],
  [2,6,7,8],[4,5,6,7],[4,5,7,9],[4,6,7,9],
  [6,7,8,9]]

manifold_3_9_1228=[[1,2,3,4],[1,2,3,5],[1,2,4,6],
  [1,2,5,7],[1,2,6,8],[1,2,7,8],[1,3,4,5],
  [1,4,5,9],[1,4,6,9],[1,5,7,9],[1,6,8,9],
  [1,7,8,9],[2,3,4,5],[2,4,5,6],[2,5,6,7],
  [2,6,7,8],[4,5,6,8],[4,5,8,9],[4,6,8,9],
  [5,6,7,8],[5,7,8,9]]

manifold_3_9_1229=[[1,2,3,4],[1,2,3,5],[1,2,4,6],
  [1,2,5,7],[1,2,6,8],[1,2,7,8],[1,3,4,5],
  [1,4,5,9],[1,4,6,9],[1,5,7,9],[1,6,8,9],
  [1,7,8,9],[2,3,4,5],[2,4,5,6],[2,5,6,7],
  [2,6,7,8],[4,5,6,9],[5,6,7,8],[5,6,8,9],
  [5,7,8,9]]

manifold_3_9_1230=[[1,2,3,4],[1,2,3,5],[1,2,4,6],
  [1,2,5,7],[1,2,6,8],[1,2,7,8],[1,3,4,5],
  [1,4,5,9],[1,4,6,9],[1,5,7,9],[1,6,8,9],
  [1,7,8,9],[2,3,4,5],[2,4,5,6],[2,5,6,7],
  [2,6,7,8],[4,5,6,9],[5,6,7,9],[6,7,8,9]]

manifold_3_9_1231=[[1,2,3,4],[1,2,3,5],[1,2,4,6],
  [1,2,5,7],[1,2,6,8],[1,2,7,8],[1,3,4,5],
  [1,4,5,9],[1,4,6,9],[1,5,7,9],[1,6,8,9],
  [1,7,8,9],[2,3,4,5],[2,4,5,6],[2,5,6,8],
  [2,5,7,8],[4,5,6,9],[5,6,8,9],[5,7,8,9]]

manifold_3_9_1232=[[1,2,3,4],[1,2,3,5],[1,2,4,6],
  [1,2,5,7],[1,2,6,8],[1,2,7,8],[1,3,4,5],
  [1,4,5,9],[1,4,6,9],[1,5,7,9],[1,6,8,9],
  [1,7,8,9],[2,3,4,5],[2,4,5,8],[2,4,6,8],
  [2,5,7,8],[4,5,6,8],[4,5,6,9],[5,6,7,8],
  [5,6,7,9],[6,7,8,9]]

manifold_3_9_1233=[[1,2,3,4],[1,2,3,5],[1,2,4,6],
  [1,2,5,7],[1,2,6,8],[1,2,7,8],[1,3,4,5],
  [1,4,5,9],[1,4,6,9],[1,5,7,9],[1,6,8,9],
  [1,7,8,9],[2,3,4,5],[2,4,5,8],[2,4,6,8],
  [2,5,7,8],[4,5,8,9],[4,6,8,9],[5,7,8,9]]

manifold_3_9_1234=[[1,2,3,4],[1,2,3,5],[1,2,4,6],
  [1,2,5,7],[1,2,6,8],[1,2,7,8],[1,3,4,5],
  [1,4,5,9],[1,4,6,9],[1,5,7,9],[1,6,8,9],
  [1,7,8,9],[2,3,4,5],[2,4,5,9],[2,4,6,9],
  [2,5,7,9],[2,6,8,9],[2,7,8,9]]

manifold_3_9_1235=[[1,2,3,4],[1,2,3,5],[1,2,4,6],
  [1,2,5,7],[1,2,6,8],[1,2,7,8],[1,3,4,5],
  [1,4,5,9],[1,4,6,9],[1,5,7,9],[1,6,8,9],
  [1,7,8,9],[2,3,4,6],[2,3,5,6],[2,5,6,7],
  [2,6,7,8],[3,4,5,6],[4,5,6,9],[5,6,7,9],
  [6,7,8,9]]

manifold_3_9_1236=[[1,2,3,4],[1,2,3,5],[1,2,4,6],
  [1,2,5,7],[1,2,6,8],[1,2,7,8],[1,3,4,5],
  [1,4,5,9],[1,4,6,9],[1,5,7,9],[1,6,8,9],
  [1,7,8,9],[2,3,4,6],[2,3,5,6],[2,5,6,7],
  [2,6,7,8],[3,4,5,9],[3,4,6,9],[3,5,6,7],
  [3,5,7,9],[3,6,7,9],[6,7,8,9]]

manifold_3_9_1237=[[1,2,3,4],[1,2,3,5],[1,2,4,6],
  [1,2,5,7],[1,2,6,8],[1,2,7,8],[1,3,4,5],
  [1,4,5,9],[1,4,6,9],[1,5,7,9],[1,6,8,9],
  [1,7,8,9],[2,3,4,6],[2,3,5,6],[2,5,6,7],
  [2,6,7,8],[3,4,5,9],[3,4,6,9],[3,5,6,9],
  [5,6,7,9],[6,7,8,9]]

manifold_3_9_1238=[[1,2,3,4],[1,2,3,5],[1,2,4,6],
  [1,2,5,7],[1,2,6,8],[1,2,7,8],[1,3,4,5],
  [1,4,5,9],[1,4,6,9],[1,5,7,9],[1,6,8,9],
  [1,7,8,9],[2,3,4,6],[2,3,5,6],[2,5,6,8],
  [2,5,7,8],[3,4,5,6],[4,5,6,8],[4,5,8,9],
  [4,6,8,9],[5,7,8,9]]

manifold_3_9_1239=[[1,2,3,4],[1,2,3,5],[1,2,4,6],
  [1,2,5,7],[1,2,6,8],[1,2,7,8],[1,3,4,5],
  [1,4,5,9],[1,4,6,9],[1,5,7,9],[1,6,8,9],
  [1,7,8,9],[2,3,4,6],[2,3,5,6],[2,5,6,8],
  [2,5,7,8],[3,4,5,6],[4,5,6,9],[5,6,8,9],
  [5,7,8,9]]

manifold_3_9_1240=[[1,2,3,4],[1,2,3,5],[1,2,4,6],
  [1,2,5,7],[1,2,6,8],[1,2,7,8],[1,3,4,5],
  [1,4,5,9],[1,4,6,9],[1,5,7,9],[1,6,8,9],
  [1,7,8,9],[2,3,4,6],[2,3,5,6],[2,5,6,8],
  [2,5,7,8],[3,4,5,8],[3,4,6,8],[3,5,6,8],
  [4,5,7,8],[4,5,7,9],[4,6,8,9],[4,7,8,9]]

manifold_3_9_1241=[[1,2,3,4],[1,2,3,5],[1,2,4,6],
  [1,2,5,7],[1,2,6,8],[1,2,7,8],[1,3,4,5],
  [1,4,5,9],[1,4,6,9],[1,5,7,9],[1,6,8,9],
  [1,7,8,9],[2,3,4,6],[2,3,5,6],[2,5,6,8],
  [2,5,7,8],[3,4,5,9],[3,4,6,9],[3,5,6,9],
  [5,6,7,8],[5,6,7,9],[6,7,8,9]]

manifold_3_9_1242=[[1,2,3,4],[1,2,3,5],[1,2,4,6],
  [1,2,5,7],[1,2,6,8],[1,2,7,8],[1,3,4,5],
  [1,4,5,9],[1,4,6,9],[1,5,7,9],[1,6,8,9],
  [1,7,8,9],[2,3,4,6],[2,3,5,6],[2,5,6,8],
  [2,5,7,8],[3,4,5,9],[3,4,6,9],[3,5,6,9],
  [5,6,8,9],[5,7,8,9]]

manifold_3_9_1243=[[1,2,3,4],[1,2,3,5],[1,2,4,6],
  [1,2,5,7],[1,2,6,8],[1,2,7,8],[1,3,4,5],
  [1,4,5,9],[1,4,6,9],[1,5,7,9],[1,6,8,9],
  [1,7,8,9],[2,3,4,6],[2,3,5,7],[2,3,6,7],
  [2,6,7,8],[3,4,5,6],[3,5,6,7],[4,5,6,9],
  [5,6,7,9],[6,7,8,9]]

manifold_3_9_1244=[[1,2,3,4],[1,2,3,5],[1,2,4,6],
  [1,2,5,7],[1,2,6,8],[1,2,7,8],[1,3,4,5],
  [1,4,5,9],[1,4,6,9],[1,5,7,9],[1,6,8,9],
  [1,7,8,9],[2,3,4,6],[2,3,5,7],[2,3,6,7],
  [2,6,7,8],[3,4,5,6],[3,5,6,8],[3,5,7,8],
  [3,6,7,8],[4,5,6,9],[5,6,8,9],[5,7,8,9]]

manifold_3_9_1245=[[1,2,3,4],[1,2,3,5],[1,2,4,6],
  [1,2,5,7],[1,2,6,8],[1,2,7,8],[1,3,4,5],
  [1,4,5,9],[1,4,6,9],[1,5,7,9],[1,6,8,9],
  [1,7,8,9],[2,3,4,6],[2,3,5,7],[2,3,6,7],
  [2,6,7,8],[3,4,5,6],[3,5,6,9],[3,5,7,9],
  [3,6,7,9],[4,5,6,9],[6,7,8,9]]

manifold_3_9_1246=[[1,2,3,4],[1,2,3,5],[1,2,4,6],
  [1,2,5,7],[1,2,6,8],[1,2,7,8],[1,3,4,5],
  [1,4,5,9],[1,4,6,9],[1,5,7,9],[1,6,8,9],
  [1,7,8,9],[2,3,4,6],[2,3,5,7],[2,3,6,7],
  [2,6,7,8],[3,4,5,9],[3,4,6,7],[3,4,7,9],
  [3,5,7,9],[4,6,7,9],[6,7,8,9]]

manifold_3_9_1247=[[1,2,3,4],[1,2,3,5],[1,2,4,6],
  [1,2,5,7],[1,2,6,8],[1,2,7,8],[1,3,4,5],
  [1,4,5,9],[1,4,6,9],[1,5,7,9],[1,6,8,9],
  [1,7,8,9],[2,3,4,6],[2,3,5,7],[2,3,6,7],
  [2,6,7,8],[3,4,5,9],[3,4,6,8],[3,4,8,9],
  [3,5,7,9],[3,6,7,8],[3,7,8,9],[4,6,8,9]]

manifold_3_9_1248=[[1,2,3,4],[1,2,3,5],[1,2,4,6],
  [1,2,5,7],[1,2,6,8],[1,2,7,8],[1,3,4,5],
  [1,4,5,9],[1,4,6,9],[1,5,7,9],[1,6,8,9],
  [1,7,8,9],[2,3,4,6],[2,3,5,7],[2,3,6,7],
  [2,6,7,8],[3,4,5,9],[3,4,6,9],[3,5,7,9],
  [3,6,7,8],[3,6,8,9],[3,7,8,9]]

manifold_3_9_1249=[[1,2,3,4],[1,2,3,5],[1,2,4,6],
  [1,2,5,7],[1,2,6,8],[1,2,7,8],[1,3,4,5],
  [1,4,5,9],[1,4,6,9],[1,5,7,9],[1,6,8,9],
  [1,7,8,9],[2,3,4,6],[2,3,5,7],[2,3,6,7],
  [2,6,7,8],[3,4,5,9],[3,4,6,9],[3,5,7,9],
  [3,6,7,9],[6,7,8,9]]

manifold_3_9_1250=[[1,2,3,4],[1,2,3,5],[1,2,4,6],
  [1,2,5,7],[1,2,6,8],[1,2,7,8],[1,3,4,5],
  [1,4,5,9],[1,4,6,9],[1,5,7,9],[1,6,8,9],
  [1,7,8,9],[2,3,4,6],[2,3,5,7],[2,3,6,8],
  [2,3,7,8],[3,4,5,6],[3,5,6,7],[3,6,7,8],
  [4,5,6,9],[5,6,7,9],[6,7,8,9]]

manifold_3_9_1251=[[1,2,3,4],[1,2,3,5],[1,2,4,6],
  [1,2,5,7],[1,2,6,8],[1,2,7,8],[1,3,4,5],
  [1,4,5,9],[1,4,6,9],[1,5,7,9],[1,6,8,9],
  [1,7,8,9],[2,3,4,6],[2,3,5,7],[2,3,6,8],
  [2,3,7,8],[3,4,5,6],[3,5,6,8],[3,5,7,8],
  [4,5,6,9],[5,6,8,9],[5,7,8,9]]

manifold_3_9_1252=[[1,2,3,4],[1,2,3,5],[1,2,4,6],
  [1,2,5,7],[1,2,6,8],[1,2,7,8],[1,3,4,5],
  [1,4,5,9],[1,4,6,9],[1,5,7,9],[1,6,8,9],
  [1,7,8,9],[2,3,4,6],[2,3,5,7],[2,3,6,8],
  [2,3,7,8],[3,4,5,8],[3,4,6,8],[3,5,7,8],
  [4,5,6,8],[4,5,6,9],[5,6,8,9],[5,7,8,9]]

manifold_3_9_1253=[[1,2,3,4],[1,2,3,5],[1,2,4,6],
  [1,2,5,7],[1,2,6,8],[1,2,7,8],[1,3,4,5],
  [1,4,5,9],[1,4,6,9],[1,5,7,9],[1,6,8,9],
  [1,7,8,9],[2,3,4,6],[2,3,5,7],[2,3,6,8],
  [2,3,7,8],[3,4,5,8],[3,4,6,8],[3,5,7,8],
  [4,5,8,9],[4,6,8,9],[5,7,8,9]]

manifold_3_9_1254=[[1,2,3,4],[1,2,3,5],[1,2,4,6],
  [1,2,5,7],[1,2,6,8],[1,2,7,8],[1,3,4,5],
  [1,4,5,9],[1,4,6,9],[1,5,7,9],[1,6,8,9],
  [1,7,8,9],[2,3,4,6],[2,3,5,7],[2,3,6,8],
  [2,3,7,8],[3,4,5,9],[3,4,6,9],[3,5,7,9],
  [3,6,8,9],[3,7,8,9]]

manifold_3_9_1255=[[1,2,3,4],[1,2,3,5],[1,2,4,6],
  [1,2,5,7],[1,2,6,8],[1,2,7,8],[1,3,4,5],
  [1,4,5,9],[1,4,6,9],[1,5,7,9],[1,6,8,9],
  [1,7,8,9],[2,3,4,6],[2,3,5,8],[2,3,6,8],
  [2,5,7,8],[3,4,5,6],[3,5,6,8],[4,5,6,7],
  [4,5,7,9],[4,6,7,9],[5,6,7,8],[6,7,8,9]]

manifold_3_9_1256=[[1,2,3,4],[1,2,3,5],[1,2,4,6],
  [1,2,5,7],[1,2,6,8],[1,2,7,8],[1,3,4,5],
  [1,4,5,9],[1,4,6,9],[1,5,7,9],[1,6,8,9],
  [1,7,8,9],[2,3,4,6],[2,3,5,8],[2,3,6,8],
  [2,5,7,8],[3,4,5,6],[3,5,6,8],[4,5,6,9],
  [5,6,7,8],[5,6,7,9],[6,7,8,9]]

manifold_3_9_1257=[[1,2,3,4],[1,2,3,5],[1,2,4,6],
  [1,2,5,7],[1,2,6,8],[1,2,7,8],[1,3,4,5],
  [1,4,5,9],[1,4,6,9],[1,5,7,9],[1,6,8,9],
  [1,7,8,9],[2,3,4,6],[2,3,5,8],[2,3,6,8],
  [2,5,7,8],[3,4,5,6],[3,5,6,8],[4,5,6,9],
  [5,6,8,9],[5,7,8,9]]

manifold_3_9_1258=[[1,2,3,4],[1,2,3,5],[1,2,4,6],
  [1,2,5,7],[1,2,6,8],[1,2,7,8],[1,3,4,5],
  [1,4,5,9],[1,4,6,9],[1,5,7,9],[1,6,8,9],
  [1,7,8,9],[2,3,4,6],[2,3,5,8],[2,3,6,8],
  [2,5,7,8],[3,4,5,7],[3,4,6,9],[3,4,7,9],
  [3,5,7,8],[3,6,8,9],[3,7,8,9],[4,5,7,9]]

manifold_3_9_1259=[[1,2,3,4],[1,2,3,5],[1,2,4,6],
  [1,2,5,7],[1,2,6,8],[1,2,7,8],[1,3,4,5],
  [1,4,5,9],[1,4,6,9],[1,5,7,9],[1,6,8,9],
  [1,7,8,9],[2,3,4,6],[2,3,5,8],[2,3,6,8],
  [2,5,7,8],[3,4,5,8],[3,4,6,8],[4,5,7,8],
  [4,5,7,9],[4,6,8,9],[4,7,8,9]]

manifold_3_9_1260=[[1,2,3,4],[1,2,3,5],[1,2,4,6],
  [1,2,5,7],[1,2,6,8],[1,2,7,8],[1,3,4,5],
  [1,4,5,9],[1,4,6,9],[1,5,7,9],[1,6,8,9],
  [1,7,8,9],[2,3,4,6],[2,3,5,8],[2,3,6,8],
  [2,5,7,8],[3,4,5,8],[3,4,6,8],[4,5,8,9],
  [4,6,8,9],[5,7,8,9]]

manifold_3_9_1261=[[1,2,3,4],[1,2,3,5],[1,2,4,6],
  [1,2,5,7],[1,2,6,8],[1,2,7,8],[1,3,4,5],
  [1,4,5,9],[1,4,6,9],[1,5,7,9],[1,6,8,9],
  [1,7,8,9],[2,3,4,6],[2,3,5,8],[2,3,6,8],
  [2,5,7,8],[3,4,5,8],[3,4,6,9],[3,4,8,9],
  [3,6,8,9],[4,5,8,9],[5,7,8,9]]

manifold_3_9_1262=[[1,2,3,4],[1,2,3,5],[1,2,4,6],
  [1,2,5,7],[1,2,6,8],[1,2,7,8],[1,3,4,5],
  [1,4,5,9],[1,4,6,9],[1,5,7,9],[1,6,8,9],
  [1,7,8,9],[2,3,4,6],[2,3,5,8],[2,3,6,8],
  [2,5,7,8],[3,4,5,9],[3,4,6,9],[3,5,7,8],
  [3,5,7,9],[3,6,7,8],[3,6,7,9],[6,7,8,9]]

manifold_3_9_1263=[[1,2,3,4],[1,2,3,5],[1,2,4,6],
  [1,2,5,7],[1,2,6,8],[1,2,7,8],[1,3,4,5],
  [1,4,5,9],[1,4,6,9],[1,5,7,9],[1,6,8,9],
  [1,7,8,9],[2,3,4,6],[2,3,5,8],[2,3,6,8],
  [2,5,7,8],[3,4,5,9],[3,4,6,9],[3,5,8,9],
  [3,6,8,9],[5,7,8,9]]

manifold_3_9_1264=[[1,2,3,4],[1,2,3,5],[1,2,4,6],
  [1,2,5,7],[1,2,6,8],[1,2,7,8],[1,3,4,5],
  [1,4,5,9],[1,4,6,9],[1,5,7,9],[1,6,8,9],
  [1,7,8,9],[2,3,4,6],[2,3,5,9],[2,3,6,9],
  [2,5,7,9],[2,6,8,9],[2,7,8,9],[3,4,5,9],
  [3,4,6,9]]

manifold_3_9_1265=[[1,2,3,4],[1,2,3,5],[1,2,4,6],
  [1,2,5,7],[1,2,6,8],[1,2,7,8],[1,3,4,5],
  [1,4,5,9],[1,4,6,9],[1,5,7,9],[1,6,8,9],
  [1,7,8,9],[2,3,4,8],[2,3,5,8],[2,4,6,8],
  [2,5,7,8],[3,4,5,8],[4,5,8,9],[4,6,8,9],
  [5,7,8,9]]

manifold_3_9_1266=[[1,2,3,4],[1,2,3,5],[1,2,4,6],
  [1,2,5,7],[1,2,6,8],[1,2,7,8],[1,3,4,5],
  [1,4,5,9],[1,4,6,9],[1,5,7,9],[1,6,8,9],
  [1,7,8,9],[2,3,4,8],[2,3,5,8],[2,4,6,8],
  [2,5,7,8],[3,4,5,9],[3,4,8,9],[3,5,8,9],
  [4,6,8,9],[5,7,8,9]]

manifold_3_9_1267=[[1,2,3,4],[1,2,3,5],[1,2,4,6],
  [1,2,5,7],[1,2,6,8],[1,2,7,8],[1,3,4,5],
  [1,4,5,9],[1,4,6,9],[1,5,7,9],[1,6,8,9],
  [1,7,8,9],[2,3,4,9],[2,3,5,9],[2,4,6,9],
  [2,5,7,9],[2,6,7,8],[2,6,7,9],[3,4,5,9],
  [6,7,8,9]]

manifold_3_9_1268=[[1,2,3,4],[1,2,3,5],[1,2,4,6],
  [1,2,5,7],[1,2,6,8],[1,2,7,8],[1,3,4,5],
  [1,4,5,9],[1,4,6,9],[1,5,7,9],[1,6,8,9],
  [1,7,8,9],[2,3,4,9],[2,3,5,9],[2,4,6,9],
  [2,5,7,9],[2,6,8,9],[2,7,8,9],[3,4,5,9]]

manifold_3_9_1269=[[1,2,3,4],[1,2,3,5],[1,2,4,6],
  [1,2,5,7],[1,2,6,8],[1,2,7,8],[1,3,4,9],
  [1,3,5,9],[1,4,6,9],[1,5,7,9],[1,6,8,9],
  [1,7,8,9],[2,3,4,5],[2,4,5,6],[2,5,6,7],
  [2,6,7,8],[3,4,5,6],[3,4,6,9],[3,5,6,7],
  [3,5,7,9],[3,6,7,9],[6,7,8,9]]

manifold_3_9_1270=[[1,2,3,4],[1,2,3,5],[1,2,4,6],
  [1,2,5,7],[1,2,6,8],[1,2,7,8],[1,3,4,9],
  [1,3,5,9],[1,4,6,9],[1,5,7,9],[1,6,8,9],
  [1,7,8,9],[2,3,4,5],[2,4,5,6],[2,5,6,7],
  [2,6,7,8],[3,4,5,7],[3,4,7,8],[3,4,8,9],
  [3,5,7,9],[3,7,8,9],[4,5,6,7],[4,6,7,8],
  [4,6,8,9]]

manifold_3_9_1271=[[1,2,3,4],[1,2,3,5],[1,2,4,6],
  [1,2,5,7],[1,2,6,8],[1,2,7,8],[1,3,4,9],
  [1,3,5,9],[1,4,6,9],[1,5,7,9],[1,6,8,9],
  [1,7,8,9],[2,3,4,5],[2,4,5,6],[2,5,6,7],
  [2,6,7,8],[3,4,5,9],[4,5,6,7],[4,5,7,9],
  [4,6,7,9],[6,7,8,9]]

manifold_3_9_1272=[[1,2,3,4],[1,2,3,5],[1,2,4,6],
  [1,2,5,7],[1,2,6,8],[1,2,7,8],[1,3,4,9],
  [1,3,5,9],[1,4,6,9],[1,5,7,9],[1,6,8,9],
  [1,7,8,9],[2,3,4,5],[2,4,5,6],[2,5,6,7],
  [2,6,7,8],[3,4,5,9],[4,5,6,9],[5,6,7,9],
  [6,7,8,9]]

manifold_3_9_1273=[[1,2,3,4],[1,2,3,5],[1,2,4,6],
  [1,2,5,7],[1,2,6,8],[1,2,7,8],[1,3,4,9],
  [1,3,5,9],[1,4,6,9],[1,5,7,9],[1,6,8,9],
  [1,7,8,9],[2,3,4,5],[2,4,5,6],[2,5,6,8],
  [2,5,7,8],[3,4,5,9],[4,5,6,9],[5,6,8,9],
  [5,7,8,9]]

manifold_3_9_1274=[[1,2,3,4],[1,2,3,5],[1,2,4,6],
  [1,2,5,7],[1,2,6,8],[1,2,7,8],[1,3,4,9],
  [1,3,5,9],[1,4,6,9],[1,5,7,9],[1,6,8,9],
  [1,7,8,9],[2,3,4,5],[2,4,5,8],[2,4,6,8],
  [2,5,7,8],[3,4,5,9],[4,5,8,9],[4,6,8,9],
  [5,7,8,9]]

manifold_3_9_1275=[[1,2,3,4],[1,2,3,5],[1,2,4,6],
  [1,2,5,7],[1,2,6,8],[1,2,7,8],[1,3,4,9],
  [1,3,5,9],[1,4,6,9],[1,5,7,9],[1,6,8,9],
  [1,7,8,9],[2,3,4,9],[2,3,5,9],[2,4,6,9],
  [2,5,7,9],[2,6,8,9],[2,7,8,9]]

manifold_3_9_1276=[[1,2,3,4],[1,2,3,5],[1,2,4,6],
  [1,2,5,7],[1,2,6,7],[1,3,4,5],[1,4,5,8],
  [1,4,6,8],[1,5,7,8],[1,6,7,9],[1,6,8,9],
  [1,7,8,9],[2,3,4,5],[2,4,5,6],[2,5,6,7],
  [4,5,6,7],[4,5,7,8],[4,6,7,8],[6,7,8,9]]

manifold_3_9_1277=[[1,2,3,4],[1,2,3,5],[1,2,4,6],
  [1,2,5,7],[1,2,6,7],[1,3,4,5],[1,4,5,8],
  [1,4,6,8],[1,5,7,8],[1,6,7,9],[1,6,8,9],
  [1,7,8,9],[2,3,4,5],[2,4,5,6],[2,5,6,7],
  [4,5,6,8],[5,6,7,8],[6,7,8,9]]

manifold_3_9_1278=[[1,2,3,4],[1,2,3,5],[1,2,4,6],
  [1,2,5,7],[1,2,6,7],[1,3,4,5],[1,4,5,8],
  [1,4,6,8],[1,5,7,8],[1,6,7,9],[1,6,8,9],
  [1,7,8,9],[2,3,4,5],[2,4,5,6],[2,5,6,7],
  [4,5,6,8],[5,6,7,9],[5,6,8,9],[5,7,8,9]]

manifold_3_9_1279=[[1,2,3,4],[1,2,3,5],[1,2,4,6],
  [1,2,5,7],[1,2,6,7],[1,3,4,5],[1,4,5,8],
  [1,4,6,8],[1,5,7,8],[1,6,7,9],[1,6,8,9],
  [1,7,8,9],[2,3,4,5],[2,4,5,9],[2,4,6,9],
  [2,5,7,9],[2,6,7,9],[4,5,8,9],[4,6,8,9],
  [5,7,8,9]]

manifold_3_9_1280=[[1,2,3,4],[1,2,3,5],[1,2,4,6],
  [1,2,5,7],[1,2,6,7],[1,3,4,5],[1,4,5,8],
  [1,4,6,8],[1,5,7,8],[1,6,7,9],[1,6,8,9],
  [1,7,8,9],[2,3,4,6],[2,3,5,6],[2,5,6,7],
  [3,4,5,9],[3,4,6,8],[3,4,8,9],[3,5,6,9],
  [3,6,8,9],[4,5,8,9],[5,6,7,9],[5,7,8,9]]

manifold_3_9_1281=[[1,2,3,4],[1,2,3,5],[1,2,4,6],
  [1,2,5,7],[1,2,6,7],[1,3,4,5],[1,4,5,8],
  [1,4,6,8],[1,5,7,8],[1,6,7,9],[1,6,8,9],
  [1,7,8,9],[2,3,4,6],[2,3,5,7],[2,3,6,7],
  [3,4,5,8],[3,4,6,8],[3,5,7,8],[3,6,7,9],
  [3,6,8,9],[3,7,8,9]]

manifold_3_9_1282=[[1,2,3,4],[1,2,3,5],[1,2,4,6],
  [1,2,5,7],[1,2,6,7],[1,3,4,5],[1,4,5,8],
  [1,4,6,8],[1,5,7,8],[1,6,7,9],[1,6,8,9],
  [1,7,8,9],[2,3,4,6],[2,3,5,7],[2,3,6,7],
  [3,4,5,9],[3,4,6,9],[3,5,7,9],[3,6,7,9],
  [4,5,8,9],[4,6,8,9],[5,7,8,9]]

manifold_3_9_1283=[[1,2,3,4],[1,2,3,5],[1,2,4,6],
  [1,2,5,7],[1,2,6,7],[1,3,4,8],[1,3,5,8],
  [1,4,6,8],[1,5,7,9],[1,5,8,9],[1,6,7,9],
  [1,6,8,9],[2,3,4,5],[2,4,5,6],[2,5,6,7],
  [3,4,5,8],[4,5,6,8],[5,6,7,9],[5,6,8,9]]

manifold_3_9_1284=[[1,2,3,4],[1,2,3,5],[1,2,4,6],
  [1,2,5,7],[1,2,6,7],[1,3,4,8],[1,3,5,8],
  [1,4,6,8],[1,5,7,9],[1,5,8,9],[1,6,7,9],
  [1,6,8,9],[2,3,4,5],[2,4,5,6],[2,5,6,7],
  [3,4,5,8],[4,5,6,9],[4,5,8,9],[4,6,8,9],
  [5,6,7,9]]

manifold_3_9_1285=[[1,2,3,4],[1,2,3,5],[1,2,4,6],
  [1,2,5,7],[1,2,6,7],[1,3,4,8],[1,3,5,8],
  [1,4,6,8],[1,5,7,9],[1,5,8,9],[1,6,7,9],
  [1,6,8,9],[2,3,4,5],[2,4,5,7],[2,4,6,7],
  [3,4,5,7],[3,4,7,8],[3,5,7,9],[3,5,8,9],
  [3,7,8,9],[4,6,7,8],[6,7,8,9]]

manifold_3_9_1286=[[1,2,3,4],[1,2,3,5],[1,2,4,6],
  [1,2,5,7],[1,2,6,7],[1,3,4,8],[1,3,5,8],
  [1,4,6,8],[1,5,7,9],[1,5,8,9],[1,6,7,9],
  [1,6,8,9],[2,3,4,5],[2,4,5,7],[2,4,6,7],
  [3,4,5,8],[4,5,7,8],[4,6,7,8],[5,7,8,9],
  [6,7,8,9]]

manifold_3_9_1287=[[1,2,3,4],[1,2,3,5],[1,2,4,6],
  [1,2,5,7],[1,2,6,7],[1,3,4,8],[1,3,5,8],
  [1,4,6,8],[1,5,7,9],[1,5,8,9],[1,6,7,9],
  [1,6,8,9],[2,3,4,5],[2,4,5,7],[2,4,6,7],
  [3,4,5,8],[4,5,7,9],[4,5,8,9],[4,6,7,9],
  [4,6,8,9]]

manifold_3_9_1288=[[1,2,3,4],[1,2,3,5],[1,2,4,6],
  [1,2,5,7],[1,2,6,7],[1,3,4,8],[1,3,5,8],
  [1,4,6,8],[1,5,7,9],[1,5,8,9],[1,6,7,9],
  [1,6,8,9],[2,3,4,5],[2,4,5,7],[2,4,6,7],
  [3,4,5,9],[3,4,8,9],[3,5,8,9],[4,5,7,9],
  [4,6,7,9],[4,6,8,9]]

manifold_3_9_1289=[[1,2,3,4],[1,2,3,5],[1,2,4,6],
  [1,2,5,7],[1,2,6,7],[1,3,4,8],[1,3,5,8],
  [1,4,6,8],[1,5,7,9],[1,5,8,9],[1,6,7,9],
  [1,6,8,9],[2,3,4,7],[2,3,5,7],[2,4,6,7],
  [3,4,7,9],[3,4,8,9],[3,5,7,9],[3,5,8,9],
  [4,6,7,9],[4,6,8,9]]

manifold_3_9_1290=[[1,2,3,4],[1,2,3,5],[1,2,4,6],
  [1,2,5,7],[1,2,6,7],[1,3,4,8],[1,3,5,8],
  [1,4,6,8],[1,5,7,9],[1,5,8,9],[1,6,7,9],
  [1,6,8,9],[2,3,4,8],[2,3,5,8],[2,4,6,8],
  [2,5,6,7],[2,5,6,8],[5,6,7,9],[5,6,8,9]]

manifold_3_9_1291=[[1,2,3,4],[1,2,3,5],[1,2,4,6],
  [1,2,5,7],[1,2,6,8],[1,2,7,8],[1,3,4,5],
  [1,4,5,6],[1,5,6,7],[1,6,7,8],[2,3,4,5],
  [2,4,5,7],[2,4,6,7],[2,6,7,8],[4,5,6,9],
  [4,5,7,9],[4,6,7,9],[5,6,7,9]]

manifold_3_9_1292=[[1,2,3,4],[1,2,3,5],[1,2,4,6],
  [1,2,5,7],[1,2,6,8],[1,2,7,8],[1,3,4,5],
  [1,4,5,6],[1,5,6,7],[1,6,7,8],[2,3,4,8],
  [2,3,5,7],[2,3,7,8],[2,4,6,8],[3,4,5,9],
  [3,4,8,9],[3,5,7,9],[3,7,8,9],[4,5,6,9],
  [4,6,8,9],[5,6,7,9],[6,7,8,9]]

manifold_3_9_1293=[[1,2,3,4],[1,2,3,5],[1,2,4,6],
  [1,2,5,7],[1,2,6,8],[1,2,7,8],[1,3,4,5],
  [1,4,5,8],[1,4,6,8],[1,5,7,8],[2,3,4,6],
  [2,3,5,7],[2,3,6,7],[2,6,7,8],[3,4,5,9],
  [3,4,6,9],[3,5,7,9],[3,6,7,9],[4,5,8,9],
  [4,6,8,9],[5,7,8,9],[6,7,8,9]]

manifold_3_9_1294=[[1,2,3,4],[1,2,3,5],[1,2,4,6],
  [1,2,5,7],[1,2,6,7],[1,3,4,5],[1,4,5,8],
  [1,4,6,8],[1,5,7,8],[1,6,7,8],[2,3,4,5],
  [2,4,5,9],[2,4,6,9],[2,5,7,9],[2,6,7,9],
  [4,5,8,9],[4,6,8,9],[5,7,8,9],[6,7,8,9]]

manifold_3_9_1295=[[1,2,3,4],[1,2,3,5],[1,2,4,6],
  [1,2,5,7],[1,2,6,7],[1,3,4,5],[1,4,5,8],
  [1,4,6,8],[1,5,7,8],[1,6,7,8],[2,3,4,6],
  [2,3,5,7],[2,3,6,7],[3,4,5,9],[3,4,6,9],
  [3,5,7,9],[3,6,7,9],[4,5,8,9],[4,6,8,9],
  [5,7,8,9],[6,7,8,9]]

manifold_3_9_1296=[[1,2,3,4],[1,2,3,5],[1,2,4,6],
  [1,2,5,7],[1,2,6,7],[1,3,4,5],[1,4,5,8],
  [1,4,6,8],[1,5,7,8],[1,6,7,8],[2,3,4,9],
  [2,3,5,9],[2,4,6,9],[2,5,7,9],[2,6,7,9],
  [3,4,5,9],[4,5,8,9],[4,6,8,9],[5,7,8,9],
  [6,7,8,9]]

manifold_3_9_1297=[[1,2,3,4],[1,2,3,5],[1,2,4,6],
  [1,2,5,7],[1,2,6,7],[1,3,4,8],[1,3,5,8],
  [1,4,6,8],[1,5,7,8],[1,6,7,8],[2,3,4,9],
  [2,3,5,9],[2,4,6,9],[2,5,7,9],[2,6,7,9],
  [3,4,8,9],[3,5,8,9],[4,6,8,9],[5,7,8,9],
  [6,7,8,9]]