##  or_0.94270736   f = (18,139,242,121), g_2 = 77.
##  deg = 11,14,14,15,15,15,15,15,15,16,16,16,16,17,17,17,17,17
##  n_4,... = 0,0,0,0,0,0,0,1,0,0,2,6,4,5
facets:=[[1,2,3,4],[1,2,3,5],[1,2,4,6],[1,2,5,6],[1,3,4,7],[1,3,5,7],
  [1,4,6,8],[1,4,7,9],[1,4,8,9],[1,5,6,10],[1,5,7,11],[1,5,10,11],
  [1,6,8,12],[1,6,10,12],[1,7,9,13],[1,7,11,14],[1,7,13,15],[1,7,14,15],
  [1,8,9,12],[1,9,12,16],[1,9,13,16],[1,10,11,17],[1,10,12,17],
  [1,11,14,17],[1,12,16,17],[1,13,15,16],[1,14,15,16],[1,14,16,17],
  [2,3,4,12],[2,3,5,15],[2,3,12,15],[2,4,6,14],[2,4,12,18],[2,4,14,18],
  [2,5,6,13],[2,5,13,15],[2,6,9,14],[2,6,9,17],[2,6,13,17],[2,7,10,13],
  [2,7,10,16],[2,7,12,15],[2,7,12,18],[2,7,13,15],[2,7,16,18],[2,8,9,14],
  [2,8,9,17],[2,8,11,17],[2,8,11,18],[2,8,14,18],[2,10,11,16],
  [2,10,11,17],[2,10,13,17],[2,11,16,18],[3,4,7,16],[3,4,12,13],
  [3,4,13,16],[3,5,7,17],[3,5,15,17],[3,6,10,12],[3,6,10,18],[3,6,12,15],
  [3,6,15,17],[3,6,17,18],[3,7,16,18],[3,7,17,18],[3,9,10,13],
  [3,9,10,18],[3,9,13,16],[3,9,16,18],[3,10,12,13],[4,5,13,15],
  [4,5,13,18],[4,5,14,17],[4,5,14,18],[4,5,15,17],[4,6,8,11],[4,6,11,14],
  [4,7,9,10],[4,7,10,16],[4,8,9,17],[4,8,11,17],[4,9,10,15],[4,9,15,17],
  [4,10,15,16],[4,11,14,17],[4,12,13,18],[4,13,15,16],[5,6,10,18],
  [5,6,13,18],[5,7,11,12],[5,7,12,17],[5,10,11,16],[5,10,14,16],
  [5,10,14,18],[5,11,12,16],[5,12,16,17],[5,14,16,17],[6,8,11,15],
  [6,8,12,15],[6,9,11,14],[6,9,11,15],[6,9,15,17],[6,13,17,18],
  [7,9,10,13],[7,11,12,14],[7,12,14,15],[7,12,17,18],[8,9,12,14],
  [8,11,15,18],[8,12,14,15],[8,14,15,18],[9,10,15,18],[9,11,12,14],
  [9,11,12,16],[9,11,15,18],[9,11,16,18],[10,12,13,17],[10,14,15,16],
  [10,14,15,18],[12,13,17,18]];

##  or_0.98136883   f = (18,135,234,117), g_2 = 73.
##  deg = 13,13,14,14,14,15,15,15,15,15,15,16,16,16,16,16,16,16
##  n_4,... = 0,0,0,0,0,0,0,0,0,2,3,6,7
facets:=[[1,2,3,4],[1,2,3,5],[1,2,4,6],[1,2,5,6],[1,3,4,7],[1,3,5,7],
  [1,4,6,8],[1,4,7,9],[1,4,8,9],[1,5,6,10],[1,5,7,11],[1,5,10,12],
  [1,5,11,12],[1,6,8,10],[1,7,9,13],[1,7,11,13],[1,8,9,14],[1,8,10,14],
  [1,9,13,14],[1,10,12,14],[1,11,12,13],[1,12,13,14],[2,3,4,11],
  [2,3,5,8],[2,3,8,15],[2,3,11,15],[2,4,6,16],[2,4,11,14],[2,4,14,16],
  [2,5,6,17],[2,5,8,17],[2,6,7,16],[2,6,7,17],[2,7,10,12],[2,7,10,16],
  [2,7,12,17],[2,8,12,13],[2,8,12,17],[2,8,13,15],[2,10,12,14],
  [2,10,14,16],[2,11,14,15],[2,12,13,14],[2,13,14,15],[3,4,7,17],
  [3,4,11,17],[3,5,7,14],[3,5,8,14],[3,6,7,17],[3,6,7,18],[3,6,10,17],
  [3,6,10,18],[3,7,14,18],[3,8,9,14],[3,8,9,15],[3,9,14,18],[3,9,15,16],
  [3,9,16,18],[3,10,11,15],[3,10,11,17],[3,10,15,16],[3,10,16,18],
  [4,5,11,14],[4,5,11,18],[4,5,13,16],[4,5,13,18],[4,5,14,16],[4,6,8,13],
  [4,6,13,16],[4,7,9,12],[4,7,12,17],[4,8,9,15],[4,8,13,15],[4,9,12,15],
  [4,11,17,18],[4,12,15,18],[4,12,17,18],[4,13,15,18],[5,6,10,17],
  [5,7,11,14],[5,8,14,16],[5,8,16,17],[5,9,10,12],[5,9,10,13],
  [5,9,11,12],[5,9,11,18],[5,9,13,18],[5,10,13,17],[5,13,16,17],
  [6,7,15,16],[6,7,15,18],[6,8,10,18],[6,8,12,13],[6,8,12,18],
  [6,12,13,16],[6,12,15,16],[6,12,15,18],[7,9,10,12],[7,9,10,13],
  [7,10,11,13],[7,10,11,15],[7,10,15,16],[7,11,14,15],[7,14,15,18],
  [8,10,14,16],[8,10,16,18],[8,12,17,18],[8,16,17,18],[9,11,12,16],
  [9,11,16,18],[9,12,15,16],[9,13,14,18],[10,11,13,17],[11,12,13,16],
  [11,13,16,17],[11,16,17,18],[13,14,15,18]];

##  or_1.01494161   f = (18,135,234,117), g_2 = 73.
##  deg = 12,13,13,13,14,14,15,15,16,16,16,16,16,16,16,16,16,17
##  n_4,... = 0,0,0,0,0,0,0,0,1,3,2,2,9,1
facets:=[[1,2,3,4],[1,2,3,5],[1,2,4,6],[1,2,5,6],[1,3,4,7],[1,3,5,7],
  [1,4,6,8],[1,4,7,9],[1,4,8,9],[1,5,6,10],[1,5,7,11],[1,5,10,11],
  [1,6,8,10],[1,7,9,12],[1,7,11,12],[1,8,9,13],[1,8,10,13],[1,9,12,14],
  [1,9,13,14],[1,10,11,15],[1,10,13,16],[1,10,15,16],[1,11,12,15],
  [1,12,14,17],[1,12,15,17],[1,13,14,16],[1,14,16,17],[1,15,16,17],
  [2,3,4,16],[2,3,5,9],[2,3,9,11],[2,3,11,16],[2,4,6,13],[2,4,13,16],
  [2,5,6,15],[2,5,9,17],[2,5,15,17],[2,6,13,15],[2,7,10,12],[2,7,10,16],
  [2,7,11,12],[2,7,11,16],[2,8,10,12],[2,8,10,13],[2,8,12,18],
  [2,8,13,15],[2,8,15,17],[2,8,17,18],[2,9,11,18],[2,9,17,18],
  [2,10,13,16],[2,11,12,18],[3,4,7,14],[3,4,12,14],[3,4,12,16],[3,5,7,8],
  [3,5,8,9],[3,6,11,13],[3,6,11,16],[3,6,12,14],[3,6,12,16],[3,6,13,15],
  [3,6,14,15],[3,7,8,15],[3,7,14,15],[3,8,9,13],[3,8,13,15],[3,9,11,13],
  [4,5,8,9],[4,5,8,11],[4,5,9,17],[4,5,11,13],[4,5,12,16],[4,5,12,17],
  [4,5,13,16],[4,6,8,11],[4,6,11,13],[4,7,9,17],[4,7,14,17],[4,12,14,17],
  [5,6,10,18],[5,6,15,18],[5,7,8,11],[5,10,11,14],[5,10,14,18],
  [5,11,13,14],[5,12,15,17],[5,12,15,18],[5,12,16,18],[5,13,14,16],
  [5,14,16,18],[6,7,9,12],[6,7,9,18],[6,7,10,12],[6,7,10,18],[6,8,10,12],
  [6,8,11,16],[6,8,12,16],[6,9,12,14],[6,9,14,15],[6,9,15,18],
  [7,8,11,16],[7,8,15,16],[7,9,17,18],[7,10,14,15],[7,10,14,18],
  [7,10,15,16],[7,14,17,18],[8,12,16,18],[8,15,16,17],[8,16,17,18],
  [9,11,13,14],[9,11,14,15],[9,11,15,18],[10,11,14,15],[11,12,15,18],
  [14,16,17,18]];

##  or_1.26370924   f = (18,149,262,131), g_2 = 87.
##  deg = 15,16,16,16,16,16,16,17,17,17,17,17,17,17,17,17,17,17
##  n_4,... = 0,0,0,0,0,0,0,0,0,0,0,1,6,11
facets:=[[1,2,3,4],[1,2,3,5],[1,2,4,6],[1,2,5,6],[1,3,4,7],[1,3,5,7],
  [1,4,6,8],[1,4,7,8],[1,5,6,9],[1,5,7,10],[1,5,9,10],[1,6,8,11],
  [1,6,9,11],[1,7,8,12],[1,7,10,13],[1,7,12,14],[1,7,13,14],[1,8,11,15],
  [1,8,12,15],[1,9,10,13],[1,9,11,16],[1,9,13,17],[1,9,16,17],
  [1,11,15,18],[1,11,16,18],[1,12,14,18],[1,12,15,18],[1,13,14,17],
  [1,14,16,17],[1,14,16,18],[2,3,4,12],[2,3,5,15],[2,3,12,15],[2,4,6,13],
  [2,4,12,13],[2,5,6,17],[2,5,15,17],[2,6,10,13],[2,6,10,17],[2,7,10,13],
  [2,7,10,16],[2,7,13,14],[2,7,14,15],[2,7,15,16],[2,8,9,12],[2,8,9,14],
  [2,8,12,15],[2,8,14,15],[2,9,11,12],[2,9,11,14],[2,10,16,17],
  [2,11,12,13],[2,11,13,14],[2,15,16,17],[3,4,7,11],[3,4,10,11],
  [3,4,10,12],[3,5,7,16],[3,5,13,15],[3,5,13,16],[3,6,7,11],[3,6,7,16],
  [3,6,8,11],[3,6,8,16],[3,8,9,13],[3,8,9,14],[3,8,10,11],[3,8,10,14],
  [3,8,13,16],[3,9,13,15],[3,9,14,18],[3,9,15,18],[3,10,12,14],
  [3,12,14,18],[3,12,15,18],[4,5,10,11],[4,5,10,12],[4,5,11,17],
  [4,5,12,13],[4,5,13,15],[4,5,15,17],[4,6,8,16],[4,6,13,15],[4,6,15,16],
  [4,7,8,18],[4,7,9,11],[4,7,9,18],[4,8,16,18],[4,9,11,14],[4,9,14,18],
  [4,11,14,17],[4,14,16,17],[4,14,16,18],[4,15,16,17],[5,6,9,18],
  [5,6,17,18],[5,7,10,16],[5,9,10,18],[5,10,11,18],[5,10,12,16],
  [5,11,17,18],[5,12,13,16],[6,7,9,11],[6,7,9,18],[6,7,12,14],
  [6,7,12,17],[6,7,14,15],[6,7,15,16],[6,7,17,18],[6,10,12,14],
  [6,10,12,17],[6,10,13,15],[6,10,14,15],[7,8,12,17],[7,8,17,18],
  [8,9,12,17],[8,9,13,17],[8,10,11,15],[8,10,14,15],[8,13,16,18],
  [8,13,17,18],[9,10,13,15],[9,10,15,18],[9,11,12,16],[9,12,16,17],
  [10,11,15,18],[10,12,16,17],[11,12,13,16],[11,13,14,17],[11,13,16,18],
  [11,13,17,18]];

##  or_1.28448530   f = (18,139,242,121), g_2 = 77.
##  deg = 14,14,14,15,15,15,15,15,15,15,16,16,16,16,16,17,17,17
##  n_4,... = 0,0,0,0,0,0,0,0,0,0,3,7,5,3
facets:=[[1,2,3,4],[1,2,3,5],[1,2,4,6],[1,2,5,6],[1,3,4,7],[1,3,5,7],
  [1,4,6,8],[1,4,7,9],[1,4,8,10],[1,4,9,10],[1,5,6,11],[1,5,7,12],
  [1,5,11,13],[1,5,12,13],[1,6,8,11],[1,7,9,14],[1,7,12,14],[1,8,10,15],
  [1,8,11,15],[1,9,10,14],[1,10,14,16],[1,10,15,17],[1,10,16,17],
  [1,11,13,15],[1,12,13,18],[1,12,14,16],[1,12,16,18],[1,13,15,18],
  [1,15,17,18],[1,16,17,18],[2,3,4,12],[2,3,5,15],[2,3,12,15],[2,4,6,13],
  [2,4,11,13],[2,4,11,18],[2,4,12,18],[2,5,6,16],[2,5,15,16],[2,6,9,16],
  [2,6,9,17],[2,6,13,17],[2,7,8,9],[2,7,8,18],[2,7,9,17],[2,7,11,17],
  [2,7,11,18],[2,8,9,16],[2,8,12,15],[2,8,12,18],[2,8,15,16],
  [2,11,13,17],[3,4,7,17],[3,4,12,14],[3,4,14,17],[3,5,7,10],[3,5,9,10],
  [3,5,9,15],[3,6,9,15],[3,6,9,16],[3,6,12,14],[3,6,12,15],[3,6,14,18],
  [3,6,16,18],[3,7,10,11],[3,7,11,17],[3,9,10,11],[3,9,11,16],
  [3,11,16,17],[3,14,17,18],[3,16,17,18],[4,5,8,10],[4,5,8,13],
  [4,5,9,10],[4,5,9,15],[4,5,11,13],[4,5,11,18],[4,5,15,16],[4,5,16,18],
  [4,6,8,13],[4,7,9,17],[4,9,15,17],[4,12,14,16],[4,12,16,18],
  [4,14,15,16],[4,14,15,17],[5,6,11,18],[5,6,16,18],[5,7,10,12],
  [5,8,10,12],[5,8,12,13],[6,7,8,13],[6,7,8,14],[6,7,10,12],[6,7,10,13],
  [6,7,12,14],[6,8,11,14],[6,9,15,17],[6,10,12,15],[6,10,13,17],
  [6,10,15,17],[6,11,14,18],[7,8,9,14],[7,8,13,18],[7,10,11,18],
  [7,10,13,18],[8,9,11,14],[8,9,11,16],[8,10,12,15],[8,11,15,16],
  [8,12,13,18],[9,10,11,14],[10,11,14,18],[10,13,14,16],[10,13,14,18],
  [10,13,16,17],[11,13,15,16],[11,13,16,17],[13,14,15,16],[13,14,15,18],
  [14,15,17,18]];

##  or_1.39850888   f = (18,140,244,122), g_2 = 78.
##  deg = 12,13,14,14,14,15,15,16,16,16,16,17,17,17,17,17,17,17
##  n_4,... = 0,0,0,0,0,0,0,0,1,1,3,2,4,7
facets:=[[1,2,3,4],[1,2,3,5],[1,2,4,6],[1,2,5,6],[1,3,4,7],[1,3,5,7],
  [1,4,6,8],[1,4,7,8],[1,5,6,9],[1,5,7,10],[1,5,9,11],[1,5,10,11],
  [1,6,8,12],[1,6,9,12],[1,7,8,13],[1,7,10,13],[1,8,12,14],[1,8,13,15],
  [1,8,14,15],[1,9,11,16],[1,9,12,14],[1,9,14,16],[1,10,11,17],
  [1,10,13,17],[1,11,16,17],[1,13,15,18],[1,13,17,18],[1,14,15,16],
  [1,15,16,18],[1,16,17,18],[2,3,4,10],[2,3,5,13],[2,3,8,10],[2,3,8,15],
  [2,3,12,13],[2,3,12,15],[2,4,6,10],[2,5,6,18],[2,5,13,18],[2,6,10,14],
  [2,6,14,18],[2,7,12,15],[2,7,12,18],[2,7,14,15],[2,7,14,18],
  [2,8,10,14],[2,8,14,15],[2,12,13,18],[3,4,7,18],[3,4,10,18],[3,5,7,14],
  [3,5,13,14],[3,6,9,12],[3,6,9,18],[3,6,12,13],[3,6,13,14],[3,6,14,18],
  [3,7,14,18],[3,8,9,15],[3,8,9,18],[3,8,10,18],[3,9,12,15],[4,5,8,11],
  [4,5,8,17],[4,5,11,12],[4,5,12,16],[4,5,14,16],[4,5,14,17],[4,6,8,17],
  [4,6,10,15],[4,6,15,17],[4,7,8,11],[4,7,11,12],[4,7,12,18],[4,9,13,15],
  [4,9,13,16],[4,9,14,16],[4,9,14,17],[4,9,15,17],[4,10,15,18],
  [4,12,13,16],[4,12,13,18],[4,13,15,18],[5,6,9,18],[5,7,10,15],
  [5,7,14,15],[5,8,9,11],[5,8,9,18],[5,8,17,18],[5,10,11,12],
  [5,10,12,16],[5,10,15,16],[5,13,14,17],[5,13,17,18],[5,14,15,16],
  [6,7,10,13],[6,7,10,15],[6,7,11,13],[6,7,11,17],[6,7,15,17],
  [6,8,12,16],[6,8,16,17],[6,10,13,14],[6,11,13,16],[6,11,16,17],
  [6,12,13,16],[7,8,11,13],[7,11,12,17],[7,12,15,17],[8,9,11,13],
  [8,9,13,15],[8,10,12,14],[8,10,12,16],[8,10,16,18],[8,16,17,18],
  [9,11,13,16],[9,12,14,17],[9,12,15,17],[10,11,12,17],[10,12,14,17],
  [10,13,14,17],[10,15,16,18]];

##  or_1.41406104_a   f = (18,136,236,118), g_2 = 74.
##  deg = 12,12,13,14,15,15,15,15,15,15,16,16,16,16,16,17,17,17
##  n_4,... = 0,0,0,0,0,0,0,0,2,1,1,6,5,3
facets:=[[1,2,3,4],[1,2,3,5],[1,2,4,6],[1,2,5,6],[1,3,4,7],[1,3,5,7],
  [1,4,6,8],[1,4,7,9],[1,4,8,9],[1,5,6,10],[1,5,7,11],[1,5,10,11],
  [1,6,8,12],[1,6,10,12],[1,7,9,13],[1,7,11,14],[1,7,13,14],[1,8,9,12],
  [1,9,12,15],[1,9,13,15],[1,10,11,16],[1,10,12,16],[1,11,14,16],
  [1,12,15,17],[1,12,16,17],[1,13,14,17],[1,13,15,17],[1,14,16,17],
  [2,3,4,11],[2,3,5,14],[2,3,11,14],[2,4,6,16],[2,4,11,18],[2,4,16,18],
  [2,5,6,17],[2,5,12,14],[2,5,12,17],[2,6,16,17],[2,7,11,14],[2,7,11,18],
  [2,7,12,14],[2,7,12,16],[2,7,16,18],[2,12,16,17],[3,4,7,17],
  [3,4,11,13],[3,4,13,17],[3,5,7,8],[3,5,8,14],[3,6,9,16],[3,6,9,18],
  [3,6,15,16],[3,6,15,18],[3,7,8,10],[3,7,10,17],[3,8,9,10],[3,8,9,14],
  [3,9,10,18],[3,9,14,16],[3,10,17,18],[3,11,13,16],[3,11,14,16],
  [3,13,15,16],[3,13,15,17],[3,15,17,18],[4,5,8,14],[4,5,8,15],
  [4,5,12,14],[4,5,12,18],[4,5,15,16],[4,5,16,18],[4,6,8,15],[4,6,15,16],
  [4,7,9,17],[4,8,9,14],[4,9,14,17],[4,11,12,13],[4,11,12,18],
  [4,12,13,14],[4,13,14,17],[5,6,10,17],[5,7,8,15],[5,7,11,15],
  [5,9,10,11],[5,9,10,18],[5,9,11,15],[5,9,13,15],[5,9,13,18],
  [5,10,17,18],[5,12,17,18],[5,13,15,16],[5,13,16,18],[6,7,9,13],
  [6,7,9,17],[6,7,10,12],[6,7,10,17],[6,7,12,13],[6,8,12,13],[6,8,13,18],
  [6,8,15,18],[6,9,13,18],[6,9,16,17],[7,8,10,16],[7,8,15,18],
  [7,8,16,18],[7,10,12,16],[7,11,15,18],[7,12,13,14],[8,9,10,11],
  [8,9,11,12],[8,10,11,16],[8,11,12,13],[8,11,13,16],[8,13,16,18],
  [9,11,12,15],[9,14,16,17],[11,12,15,18],[12,15,17,18]];

##  or_1.41406104_b   f = (18,145,254,127), g_2 = 83.
##  deg = 13,15,15,16,16,16,16,16,16,16,16,17,17,17,17,17,17,17
##  n_4,... = 0,0,0,0,0,0,0,0,0,1,0,2,8,7
facets:=[[1,2,3,4],[1,2,3,5],[1,2,4,6],[1,2,5,6],[1,3,4,7],[1,3,5,7],
  [1,4,6,8],[1,4,7,8],[1,5,6,9],[1,5,7,10],[1,5,9,10],[1,6,8,9],
  [1,7,8,11],[1,7,10,12],[1,7,11,13],[1,7,12,13],[1,8,9,11],[1,9,10,14],
  [1,9,11,15],[1,9,14,15],[1,10,12,16],[1,10,14,16],[1,11,13,15],
  [1,12,13,17],[1,12,16,17],[1,13,15,18],[1,13,17,18],[1,14,15,18],
  [1,14,16,18],[1,16,17,18],[2,3,4,13],[2,3,5,8],[2,3,8,9],[2,3,9,13],
  [2,4,6,14],[2,4,13,14],[2,5,6,11],[2,5,8,11],[2,6,7,10],[2,6,7,14],
  [2,6,10,11],[2,7,10,15],[2,7,14,17],[2,7,15,17],[2,8,9,11],[2,9,11,15],
  [2,9,12,13],[2,9,12,15],[2,10,11,15],[2,12,13,17],[2,12,15,17],
  [2,13,14,17],[3,4,7,17],[3,4,10,13],[3,4,10,17],[3,5,7,15],[3,5,8,15],
  [3,6,8,9],[3,6,8,15],[3,6,9,16],[3,6,12,15],[3,6,12,18],[3,6,16,18],
  [3,7,15,17],[3,9,13,16],[3,10,11,13],[3,10,11,17],[3,11,12,17],
  [3,11,12,18],[3,11,13,16],[3,11,16,18],[3,12,15,17],[4,5,9,10],
  [4,5,9,16],[4,5,10,13],[4,5,11,12],[4,5,11,14],[4,5,12,16],[4,5,13,14],
  [4,6,8,15],[4,6,14,15],[4,7,8,16],[4,7,9,16],[4,7,9,17],[4,8,12,16],
  [4,8,12,18],[4,8,15,18],[4,9,10,17],[4,11,12,18],[4,11,14,18],
  [4,14,15,18],[5,6,9,16],[5,6,11,17],[5,6,16,17],[5,7,10,15],
  [5,8,11,14],[5,8,13,14],[5,8,13,15],[5,10,13,15],[5,11,12,17],
  [5,12,16,17],[6,7,10,12],[6,7,12,14],[6,10,11,17],[6,10,12,18],
  [6,10,17,18],[6,12,14,15],[6,16,17,18],[7,8,11,16],[7,9,12,13],
  [7,9,12,14],[7,9,13,16],[7,9,14,17],[7,11,13,16],[8,10,12,16],
  [8,10,12,18],[8,10,14,16],[8,10,14,17],[8,10,17,18],[8,11,14,16],
  [8,13,14,17],[8,13,15,18],[8,13,17,18],[9,10,14,17],[9,12,14,15],
  [10,11,13,15],[11,14,16,18]];

##  or_1.42361190   f = (19,153,268,134), g_2 = 87.
##  deg = 15,15,15,15,15,15,15,16,16,16,16,16,17,17,17,17,17,18,18
##  n_4,... = 0,0,0,0,0,0,0,0,0,0,0,7,5,5,2
facets:=[[1,2,3,4],[1,2,3,5],[1,2,4,6],[1,2,5,6],[1,3,4,7],[1,3,5,7],
  [1,4,6,8],[1,4,7,9],[1,4,8,9],[1,5,6,10],[1,5,7,11],[1,5,10,11],
  [1,6,8,12],[1,6,10,12],[1,7,9,13],[1,7,11,13],[1,8,9,14],[1,8,12,14],
  [1,9,13,15],[1,9,14,15],[1,10,11,16],[1,10,12,17],[1,10,16,17],
  [1,11,13,16],[1,12,14,17],[1,13,15,16],[1,14,15,17],[1,15,16,17],
  [2,3,4,12],[2,3,5,18],[2,3,12,18],[2,4,6,11],[2,4,11,12],[2,5,6,16],
  [2,5,16,18],[2,6,9,11],[2,6,9,16],[2,7,8,10],[2,7,8,18],[2,7,10,14],
  [2,7,14,16],[2,7,16,18],[2,8,10,19],[2,8,12,18],[2,8,12,19],
  [2,9,10,14],[2,9,10,19],[2,9,11,19],[2,9,14,16],[2,11,12,19],
  [3,4,7,14],[3,4,12,15],[3,4,14,19],[3,4,15,19],[3,5,7,8],[3,5,8,9],
  [3,5,9,18],[3,6,9,16],[3,6,9,18],[3,6,12,15],[3,6,12,18],[3,6,13,16],
  [3,6,13,17],[3,6,15,17],[3,7,8,10],[3,7,10,14],[3,8,9,16],[3,8,10,16],
  [3,10,11,14],[3,10,11,16],[3,11,13,16],[3,11,13,17],[3,11,14,19],
  [3,11,17,19],[3,15,17,19],[4,5,8,9],[4,5,8,11],[4,5,9,18],[4,5,11,12],
  [4,5,12,15],[4,5,15,18],[4,6,8,11],[4,7,9,17],[4,7,14,16],[4,7,16,17],
  [4,9,17,18],[4,10,13,17],[4,10,13,19],[4,10,16,17],[4,10,16,19],
  [4,13,17,18],[4,13,18,19],[4,14,16,19],[4,15,18,19],[5,6,10,14],
  [5,6,13,16],[5,6,13,17],[5,6,14,17],[5,7,8,11],[5,10,11,14],
  [5,11,12,14],[5,12,13,15],[5,12,13,17],[5,12,14,17],[5,13,15,16],
  [5,15,16,18],[6,8,11,18],[6,8,12,18],[6,9,11,18],[6,10,12,15],
  [6,10,14,15],[6,14,15,17],[7,8,11,18],[7,9,13,19],[7,9,17,19],
  [7,11,13,18],[7,13,18,19],[7,15,16,17],[7,15,16,18],[7,15,17,19],
  [7,15,18,19],[8,9,14,16],[8,10,16,19],[8,12,14,19],[8,14,16,19],
  [9,10,13,15],[9,10,13,19],[9,10,14,15],[9,11,17,18],[9,11,17,19],
  [10,12,13,15],[10,12,13,17],[11,12,14,19],[11,13,17,18]];

##  or_1.44069901   f = (18,141,246,123), g_2 = 79.
##  deg = 12,14,14,15,15,15,15,16,16,16,16,16,17,17,17,17,17,17
##  n_4,... = 0,0,0,0,0,0,0,0,1,0,2,4,5,6
facets:=[[1,2,3,4],[1,2,3,5],[1,2,4,6],[1,2,5,6],[1,3,4,7],[1,3,5,8],
  [1,3,7,8],[1,4,6,9],[1,4,7,9],[1,5,6,10],[1,5,8,10],[1,6,9,11],
  [1,6,10,11],[1,7,8,12],[1,7,9,12],[1,8,10,13],[1,8,12,14],[1,8,13,15],
  [1,8,14,15],[1,9,11,16],[1,9,12,16],[1,10,11,17],[1,10,13,17],
  [1,11,16,17],[1,12,14,16],[1,13,15,18],[1,13,17,18],[1,14,15,18],
  [1,14,16,18],[1,16,17,18],[2,3,4,14],[2,3,5,9],[2,3,9,14],[2,4,6,8],
  [2,4,8,13],[2,4,13,14],[2,5,6,16],[2,5,9,17],[2,5,16,17],[2,6,8,16],
  [2,8,13,15],[2,8,15,17],[2,8,16,17],[2,9,13,14],[2,9,13,15],
  [2,9,15,17],[3,4,7,11],[3,4,11,12],[3,4,12,14],[3,5,8,9],[3,6,8,9],
  [3,6,8,16],[3,6,9,14],[3,6,13,16],[3,6,13,17],[3,6,14,17],[3,7,8,16],
  [3,7,10,11],[3,7,10,16],[3,10,11,18],[3,10,15,16],[3,10,15,18],
  [3,11,12,18],[3,12,14,17],[3,12,17,18],[3,13,15,16],[3,13,15,18],
  [3,13,17,18],[4,5,8,9],[4,5,8,10],[4,5,9,17],[4,5,10,12],[4,5,11,12],
  [4,5,11,17],[4,6,8,9],[4,7,9,17],[4,7,11,17],[4,8,10,13],[4,10,12,14],
  [4,10,13,14],[5,6,7,13],[5,6,7,18],[5,6,10,18],[5,6,13,16],[5,7,13,14],
  [5,7,14,18],[5,10,12,15],[5,10,15,18],[5,11,12,15],[5,11,13,14],
  [5,11,13,16],[5,11,14,15],[5,11,16,17],[5,14,15,18],[6,7,12,15],
  [6,7,12,18],[6,7,13,17],[6,7,15,17],[6,9,11,14],[6,10,11,18],
  [6,11,12,15],[6,11,12,18],[6,11,14,15],[6,14,15,17],[7,8,12,18],
  [7,8,16,18],[7,9,12,15],[7,9,15,17],[7,10,11,17],[7,10,13,14],
  [7,10,13,17],[7,10,14,16],[7,14,16,18],[8,12,14,17],[8,12,17,18],
  [8,14,15,17],[8,16,17,18],[9,11,13,14],[9,11,13,16],[9,12,15,16],
  [9,13,15,16],[10,12,14,16],[10,12,15,16]];

##  or_1.46377664   f = (18,148,260,130), g_2 = 86.
##  deg = 15,16,16,16,16,16,16,16,16,17,17,17,17,17,17,17,17,17
##  n_4,... = 0,0,0,0,0,0,0,0,0,0,0,1,8,9
facets:=[[1,2,3,4],[1,2,3,5],[1,2,4,6],[1,2,5,6],[1,3,4,7],[1,3,5,7],
  [1,4,6,8],[1,4,7,9],[1,4,8,9],[1,5,6,10],[1,5,7,11],[1,5,10,11],
  [1,6,8,10],[1,7,9,12],[1,7,11,13],[1,7,12,14],[1,7,13,14],[1,8,9,15],
  [1,8,10,15],[1,9,12,15],[1,10,11,16],[1,10,15,16],[1,11,13,17],
  [1,11,16,17],[1,12,14,17],[1,12,15,17],[1,13,14,17],[1,15,16,17],
  [2,3,4,14],[2,3,5,13],[2,3,9,14],[2,3,9,15],[2,3,13,15],[2,4,6,14],
  [2,5,6,12],[2,5,12,13],[2,6,11,12],[2,6,11,14],[2,7,8,15],[2,7,8,17],
  [2,7,10,13],[2,7,10,18],[2,7,13,15],[2,7,17,18],[2,8,9,11],[2,8,9,15],
  [2,8,11,17],[2,9,11,14],[2,10,12,13],[2,10,12,18],[2,11,12,18],
  [2,11,17,18],[3,4,7,17],[3,4,10,14],[3,4,10,17],[3,5,7,8],[3,5,8,18],
  [3,5,13,18],[3,6,9,10],[3,6,9,16],[3,6,10,17],[3,6,16,17],[3,7,8,17],
  [3,8,12,16],[3,8,12,18],[3,8,16,17],[3,9,10,14],[3,9,12,15],
  [3,9,12,16],[3,11,12,15],[3,11,12,18],[3,11,13,15],[3,11,13,18],
  [4,5,9,11],[4,5,9,17],[4,5,10,11],[4,5,10,17],[4,6,8,13],[4,6,13,18],
  [4,6,14,18],[4,7,9,17],[4,8,9,11],[4,8,11,16],[4,8,13,16],[4,10,11,16],
  [4,10,14,18],[4,10,16,18],[4,13,16,18],[5,6,10,17],[5,6,12,17],
  [5,7,8,15],[5,7,11,15],[5,8,15,18],[5,9,11,14],[5,9,14,17],
  [5,11,14,15],[5,12,13,16],[5,12,14,16],[5,12,14,17],[5,13,16,18],
  [5,14,15,16],[5,15,16,18],[6,7,9,16],[6,7,9,18],[6,7,14,16],
  [6,7,14,18],[6,8,10,13],[6,9,10,13],[6,9,13,18],[6,11,12,15],
  [6,11,14,15],[6,12,15,17],[6,14,15,16],[6,15,16,17],[7,9,12,16],
  [7,9,17,18],[7,10,13,14],[7,10,14,18],[7,11,13,15],[7,12,14,16],
  [8,10,12,13],[8,10,12,18],[8,10,15,18],[8,11,16,17],[8,12,13,16],
  [9,10,13,14],[9,13,14,17],[9,13,17,18],[10,15,16,18],[11,13,17,18]];

##  or_1.52947733   f = (18,144,252,126), g_2 = 82.
##  deg = 12,15,16,16,16,16,16,16,16,16,16,16,16,17,17,17,17,17
##  n_4,... = 0,0,0,0,0,0,0,0,1,0,0,1,11,5
facets:=[[1,2,3,4],[1,2,3,5],[1,2,4,6],[1,2,5,6],[1,3,4,7],[1,3,5,7],
  [1,4,6,8],[1,4,7,9],[1,4,8,9],[1,5,6,10],[1,5,7,11],[1,5,10,11],
  [1,6,8,10],[1,7,9,12],[1,7,11,12],[1,8,9,13],[1,8,10,13],[1,9,12,13],
  [1,10,11,13],[1,11,12,13],[2,3,4,12],[2,3,5,13],[2,3,8,12],[2,3,8,13],
  [2,4,6,14],[2,4,12,14],[2,5,6,15],[2,5,13,15],[2,6,14,16],[2,6,15,16],
  [2,7,8,12],[2,7,8,17],[2,7,11,12],[2,7,11,17],[2,8,10,13],[2,8,10,17],
  [2,10,13,15],[2,10,15,17],[2,11,12,18],[2,11,15,17],[2,11,15,18],
  [2,12,14,16],[2,12,16,18],[2,15,16,18],[3,4,7,10],[3,4,10,15],
  [3,4,12,15],[3,5,7,13],[3,6,7,13],[3,6,7,18],[3,6,9,13],[3,6,9,16],
  [3,6,14,16],[3,6,14,18],[3,7,10,18],[3,8,9,11],[3,8,9,13],[3,8,11,15],
  [3,8,12,15],[3,9,11,17],[3,9,16,17],[3,10,15,17],[3,10,17,18],
  [3,11,15,17],[3,14,16,17],[3,14,17,18],[4,5,12,14],[4,5,12,15],
  [4,5,13,15],[4,5,13,16],[4,5,14,18],[4,5,16,18],[4,6,8,18],[4,6,14,18],
  [4,7,9,10],[4,8,9,11],[4,8,11,16],[4,8,16,18],[4,9,10,11],[4,10,11,13],
  [4,10,13,15],[4,11,13,16],[5,6,10,12],[5,6,12,15],[5,7,11,17],
  [5,7,13,17],[5,9,10,11],[5,9,10,14],[5,9,11,17],[5,9,14,18],
  [5,9,16,17],[5,9,16,18],[5,10,12,14],[5,13,16,17],[6,7,8,17],
  [6,7,8,18],[6,7,13,17],[6,8,10,17],[6,9,12,13],[6,9,12,15],[6,9,15,16],
  [6,10,12,17],[6,12,13,17],[7,8,12,15],[7,8,14,15],[7,8,14,16],
  [7,8,16,18],[7,9,10,14],[7,9,12,15],[7,9,14,15],[7,10,14,16],
  [7,10,16,18],[8,11,14,15],[8,11,14,16],[9,14,15,18],[9,15,16,18],
  [10,12,14,16],[10,12,16,18],[10,12,17,18],[11,12,13,18],[11,13,14,16],
  [11,13,14,18],[11,14,15,18],[12,13,17,18],[13,14,16,17],[13,14,17,18]];

##  or_1.54356891_a   f = (19,152,266,133), g_2 = 86.
##  deg = 13,13,14,14,15,16,16,16,16,16,16,16,16,17,18,18,18,18,18
##  n_4,... = 0,0,0,0,0,0,0,0,0,2,2,1,8,1,5
facets:=[[1,2,3,4],[1,2,3,5],[1,2,4,6],[1,2,5,6],[1,3,4,7],[1,3,5,7],
  [1,4,6,8],[1,4,7,9],[1,4,8,9],[1,5,6,10],[1,5,7,11],[1,5,10,11],
  [1,6,8,10],[1,7,9,12],[1,7,11,12],[1,8,9,13],[1,8,10,13],[1,9,12,14],
  [1,9,13,14],[1,10,11,15],[1,10,13,15],[1,11,12,15],[1,12,14,16],
  [1,12,15,16],[1,13,14,16],[1,13,15,16],[2,3,4,10],[2,3,5,17],
  [2,3,10,17],[2,4,6,11],[2,4,10,11],[2,5,6,16],[2,5,16,17],[2,6,7,16],
  [2,6,7,18],[2,6,11,18],[2,7,8,16],[2,7,8,18],[2,8,15,17],[2,8,15,19],
  [2,8,16,17],[2,8,18,19],[2,10,11,15],[2,10,15,17],[2,11,15,19],
  [2,11,18,19],[3,4,7,14],[3,4,10,16],[3,4,14,16],[3,5,7,8],[3,5,8,13],
  [3,5,13,17],[3,7,8,18],[3,7,14,18],[3,8,12,13],[3,8,12,18],
  [3,10,16,19],[3,10,17,19],[3,11,12,13],[3,11,12,15],[3,11,13,19],
  [3,11,15,19],[3,12,15,18],[3,13,17,19],[3,14,15,18],[3,14,15,19],
  [3,14,16,19],[4,5,8,9],[4,5,8,11],[4,5,9,19],[4,5,10,11],[4,5,10,18],
  [4,5,18,19],[4,6,8,11],[4,7,9,19],[4,7,14,17],[4,7,17,19],[4,10,16,18],
  [4,13,14,16],[4,13,14,17],[4,13,16,18],[4,13,17,19],[4,13,18,19],
  [5,6,10,14],[5,6,14,15],[5,6,15,16],[5,7,8,11],[5,8,9,13],[5,9,13,17],
  [5,9,16,17],[5,9,16,19],[5,10,14,18],[5,12,15,16],[5,12,15,18],
  [5,12,16,19],[5,12,18,19],[5,14,15,18],[6,7,15,16],[6,7,15,17],
  [6,7,17,18],[6,8,10,14],[6,8,11,17],[6,8,14,15],[6,8,15,17],
  [6,11,17,18],[7,8,11,16],[7,9,10,12],[7,9,10,19],[7,10,12,13],
  [7,10,13,15],[7,10,15,17],[7,10,17,19],[7,11,12,13],[7,11,13,16],
  [7,13,15,16],[7,14,17,18],[8,10,12,13],[8,10,12,14],[8,11,16,17],
  [8,12,14,19],[8,12,18,19],[8,14,15,19],[9,10,12,14],[9,10,14,18],
  [9,10,16,18],[9,10,16,19],[9,13,14,17],[9,14,17,18],[9,16,17,18],
  [11,13,16,18],[11,13,18,19],[11,16,17,18],[12,14,16,19]];

##  or_1.54356891_b   f = (18,144,252,126), g_2 = 82.
##  deg = 14,15,15,15,15,15,16,16,16,16,16,17,17,17,17,17,17,17
##  n_4,... = 0,0,0,0,0,0,0,0,0,0,1,5,5,7
facets:=[[1,2,3,4],[1,2,3,5],[1,2,4,6],[1,2,5,6],[1,3,4,7],[1,3,5,7],
  [1,4,6,8],[1,4,7,9],[1,4,8,10],[1,4,9,10],[1,5,6,8],[1,5,7,11],
  [1,5,8,12],[1,5,11,12],[1,7,9,13],[1,7,11,13],[1,8,10,14],[1,8,12,15],
  [1,8,14,15],[1,9,10,13],[1,10,13,16],[1,10,14,16],[1,11,12,17],
  [1,11,13,16],[1,11,16,17],[1,12,15,17],[1,14,15,17],[1,14,16,17],
  [2,3,4,12],[2,3,5,14],[2,3,12,14],[2,4,6,11],[2,4,11,12],[2,5,6,9],
  [2,5,9,17],[2,5,14,17],[2,6,9,16],[2,6,10,11],[2,6,10,16],[2,7,8,13],
  [2,7,8,15],[2,7,10,12],[2,7,10,15],[2,7,12,14],[2,7,13,14],[2,8,13,18],
  [2,8,15,16],[2,8,16,18],[2,9,16,18],[2,9,17,18],[2,10,11,12],
  [2,10,15,16],[2,13,14,17],[2,13,17,18],[3,4,7,15],[3,4,12,13],
  [3,4,13,15],[3,5,7,16],[3,5,14,16],[3,6,7,16],[3,6,7,17],[3,6,14,16],
  [3,6,14,18],[3,6,17,18],[3,7,10,15],[3,7,10,17],[3,9,10,13],
  [3,9,10,17],[3,9,12,13],[3,9,12,18],[3,9,17,18],[3,10,13,15],
  [3,12,14,18],[4,5,9,15],[4,5,9,17],[4,5,11,12],[4,5,11,18],[4,5,12,13],
  [4,5,13,15],[4,5,16,17],[4,5,16,18],[4,6,8,18],[4,6,11,18],[4,7,9,15],
  [4,8,10,17],[4,8,16,17],[4,8,16,18],[4,9,10,17],[5,6,8,13],[5,6,9,15],
  [5,6,13,15],[5,7,11,18],[5,7,16,18],[5,8,12,13],[5,14,16,17],
  [6,7,12,16],[6,7,12,17],[6,8,13,18],[6,9,12,15],[6,9,12,16],
  [6,10,11,14],[6,10,14,16],[6,11,14,18],[6,12,15,17],[6,13,15,17],
  [6,13,17,18],[7,8,9,13],[7,8,9,15],[7,10,12,17],[7,11,13,14],
  [7,11,14,18],[7,12,14,18],[7,12,16,18],[8,9,12,13],[8,9,12,15],
  [8,10,11,14],[8,10,11,17],[8,11,14,15],[8,11,15,16],[8,11,16,17],
  [9,12,16,18],[10,11,12,17],[10,13,15,16],[11,13,14,15],[11,13,15,16],
  [13,14,15,17]];

##  or_1.58316666_a   f = (18,140,244,122), g_2 = 78.
##  deg = 13,13,14,14,14,15,15,16,16,16,16,16,17,17,17,17,17,17
##  n_4,... = 0,0,0,0,0,0,0,0,0,2,3,2,5,6
facets:=[[1,2,3,4],[1,2,3,5],[1,2,4,6],[1,2,5,6],[1,3,4,7],[1,3,5,7],
  [1,4,6,8],[1,4,7,9],[1,4,8,9],[1,5,6,10],[1,5,7,11],[1,5,10,11],
  [1,6,8,12],[1,6,10,12],[1,7,9,13],[1,7,11,13],[1,8,9,12],[1,9,12,14],
  [1,9,13,14],[1,10,11,15],[1,10,12,14],[1,10,14,15],[1,11,13,15],
  [1,13,14,15],[2,3,4,13],[2,3,5,16],[2,3,10,13],[2,3,10,16],[2,4,6,13],
  [2,5,6,9],[2,5,9,16],[2,6,9,15],[2,6,11,13],[2,6,11,14],[2,6,14,15],
  [2,7,8,14],[2,7,8,17],[2,7,10,13],[2,7,10,16],[2,7,11,13],[2,7,11,14],
  [2,7,16,17],[2,8,14,15],[2,8,15,17],[2,9,15,17],[2,9,16,17],[3,4,7,15],
  [3,4,13,18],[3,4,15,18],[3,5,7,12],[3,5,12,16],[3,6,7,12],[3,6,7,15],
  [3,6,9,10],[3,6,9,15],[3,6,10,12],[3,9,10,13],[3,9,13,18],[3,9,15,18],
  [3,10,12,16],[4,5,8,9],[4,5,8,17],[4,5,9,10],[4,5,10,11],[4,5,11,14],
  [4,5,14,17],[4,6,8,17],[4,6,13,17],[4,7,9,10],[4,7,10,15],[4,10,11,15],
  [4,11,14,16],[4,11,15,18],[4,11,16,18],[4,12,13,16],[4,12,13,17],
  [4,12,14,16],[4,12,14,17],[4,13,16,18],[5,6,9,10],[5,7,11,14],
  [5,7,12,18],[5,7,14,18],[5,8,9,16],[5,8,13,15],[5,8,13,16],[5,8,15,17],
  [5,12,13,15],[5,12,13,16],[5,12,15,18],[5,14,17,18],[5,15,17,18],
  [6,7,8,12],[6,7,8,17],[6,7,15,16],[6,7,16,17],[6,11,13,17],
  [6,11,14,16],[6,11,16,17],[6,14,15,16],[7,8,12,18],[7,8,14,18],
  [7,9,10,13],[7,10,15,16],[8,9,11,12],[8,9,11,16],[8,11,12,18],
  [8,11,16,18],[8,13,14,15],[8,13,14,18],[8,13,16,18],[9,11,12,17],
  [9,11,16,17],[9,12,14,17],[9,13,14,18],[9,14,17,18],[9,15,17,18],
  [10,12,14,16],[10,14,15,16],[11,12,13,15],[11,12,13,17],[11,12,15,18]];

##  or_1.58316666_b   f = (18,144,252,126), g_2 = 82.
##  deg = 14,15,15,15,15,16,16,16,16,16,16,16,17,17,17,17,17,17
##  n_4,... = 0,0,0,0,0,0,0,0,0,0,1,4,7,6
facets:=[[1,2,3,4],[1,2,3,5],[1,2,4,6],[1,2,5,6],[1,3,4,7],[1,3,5,7],
  [1,4,6,8],[1,4,7,9],[1,4,8,9],[1,5,6,10],[1,5,7,11],[1,5,10,12],
  [1,5,11,12],[1,6,8,10],[1,7,9,13],[1,7,11,13],[1,8,9,14],[1,8,10,14],
  [1,9,13,14],[1,10,12,15],[1,10,14,15],[1,11,12,15],[1,11,13,16],
  [1,11,15,16],[1,13,14,16],[1,14,15,16],[2,3,4,14],[2,3,5,8],[2,3,8,11],
  [2,3,11,17],[2,3,14,17],[2,4,6,15],[2,4,14,15],[2,5,6,13],[2,5,8,18],
  [2,5,13,18],[2,6,9,13],[2,6,9,15],[2,7,9,12],[2,7,9,13],[2,7,12,18],
  [2,7,13,18],[2,8,11,18],[2,9,10,12],[2,9,10,17],[2,9,15,17],
  [2,10,11,17],[2,10,11,18],[2,10,12,18],[2,14,15,17],[3,4,7,10],
  [3,4,10,18],[3,4,14,18],[3,5,7,15],[3,5,8,15],[3,6,9,11],[3,6,9,14],
  [3,6,11,17],[3,6,14,17],[3,7,10,15],[3,8,11,13],[3,8,12,13],
  [3,8,12,15],[3,9,11,16],[3,9,14,18],[3,9,16,18],[3,10,12,15],
  [3,10,12,18],[3,11,13,16],[3,12,13,16],[3,12,16,18],[4,5,8,9],
  [4,5,8,15],[4,5,9,12],[4,5,11,12],[4,5,11,14],[4,5,14,15],[4,6,8,15],
  [4,7,9,12],[4,7,10,16],[4,7,12,16],[4,10,11,17],[4,10,11,18],
  [4,10,13,16],[4,10,13,17],[4,11,12,17],[4,11,14,18],[4,12,13,16],
  [4,12,13,17],[5,6,10,13],[5,7,11,14],[5,7,14,15],[5,8,9,18],
  [5,9,10,12],[5,9,10,17],[5,9,17,18],[5,10,13,17],[5,13,17,18],
  [6,8,10,16],[6,8,12,15],[6,8,12,17],[6,8,16,17],[6,9,11,15],
  [6,9,13,14],[6,10,13,16],[6,11,12,15],[6,11,12,17],[6,13,14,16],
  [6,14,16,17],[7,8,10,14],[7,8,10,16],[7,8,11,13],[7,8,11,14],
  [7,8,13,17],[7,8,16,17],[7,10,14,15],[7,12,16,18],[7,13,17,18],
  [7,16,17,18],[8,9,14,18],[8,11,14,18],[8,12,13,17],[9,11,15,16],
  [9,15,16,17],[9,16,17,18],[14,15,16,17]];

##  or_1.58864664_a   f = (19,151,264,132), g_2 = 85.
##  deg = 11,14,14,14,15,15,16,16,16,16,16,17,17,17,17,17,18,18,18
##  n_4,... = 0,0,0,0,0,0,0,1,0,0,3,2,5,5,3
facets:=[[1,2,3,4],[1,2,3,5],[1,2,4,6],[1,2,5,6],[1,3,4,7],[1,3,5,7],
  [1,4,6,8],[1,4,7,9],[1,4,8,9],[1,5,6,10],[1,5,7,11],[1,5,10,11],
  [1,6,8,10],[1,7,9,12],[1,7,11,12],[1,8,9,13],[1,8,10,13],[1,9,12,14],
  [1,9,13,15],[1,9,14,15],[1,10,11,16],[1,10,13,15],[1,10,15,16],
  [1,11,12,16],[1,12,14,17],[1,12,16,18],[1,12,17,18],[1,14,15,17],
  [1,15,16,18],[1,15,17,18],[2,3,4,13],[2,3,5,14],[2,3,9,13],[2,3,9,17],
  [2,3,14,17],[2,4,6,13],[2,5,6,16],[2,5,14,18],[2,5,16,18],[2,6,7,13],
  [2,6,7,16],[2,7,11,12],[2,7,11,13],[2,7,12,15],[2,7,15,16],[2,8,10,18],
  [2,8,10,19],[2,8,11,12],[2,8,11,19],[2,8,12,15],[2,8,15,18],
  [2,9,11,13],[2,9,11,19],[2,9,17,19],[2,10,14,17],[2,10,14,18],
  [2,10,17,19],[2,15,16,18],[3,4,7,16],[3,4,13,19],[3,4,16,19],
  [3,5,7,14],[3,6,7,14],[3,6,7,16],[3,6,11,17],[3,6,11,19],[3,6,14,17],
  [3,6,16,19],[3,8,9,13],[3,8,9,17],[3,8,11,17],[3,8,11,19],[3,8,13,19],
  [4,5,8,9],[4,5,8,15],[4,5,9,10],[4,5,10,11],[4,5,11,15],[4,6,8,15],
  [4,6,13,14],[4,6,14,15],[4,7,9,10],[4,7,10,16],[4,10,11,16],
  [4,11,14,15],[4,11,14,18],[4,11,16,17],[4,11,17,18],[4,13,14,18],
  [4,13,17,18],[4,13,17,19],[4,16,17,19],[5,6,9,10],[5,6,9,16],
  [5,7,11,13],[5,7,13,14],[5,8,9,16],[5,8,12,15],[5,8,12,16],
  [5,11,13,15],[5,12,13,15],[5,12,13,18],[5,12,16,18],[5,13,14,18],
  [6,7,13,14],[6,8,10,18],[6,8,15,18],[6,9,10,18],[6,9,11,18],
  [6,9,11,19],[6,9,16,19],[6,11,17,18],[6,14,15,17],[6,15,17,18],
  [7,9,10,12],[7,10,12,15],[7,10,15,16],[8,9,16,17],[8,10,13,19],
  [8,11,12,16],[8,11,16,17],[9,10,12,14],[9,10,14,18],[9,11,13,15],
  [9,11,14,15],[9,11,14,18],[9,16,17,19],[10,12,13,15],[10,12,13,17],
  [10,12,14,17],[10,13,17,19],[12,13,17,18]];

##  or_1.58864664_b   f = (19,159,280,140), g_2 = 93.
##  deg = 14,15,15,16,16,16,17,17,17,17,17,17,17,17,18,18,18,18,18
##  n_4,... = 0,0,0,0,0,0,0,0,0,0,1,2,3,8,5
facets:=[[1,2,3,4],[1,2,3,5],[1,2,4,6],[1,2,5,6],[1,3,4,7],[1,3,5,7],
  [1,4,6,8],[1,4,7,9],[1,4,8,9],[1,5,6,10],[1,5,7,11],[1,5,10,12],
  [1,5,11,12],[1,6,8,10],[1,7,9,13],[1,7,11,13],[1,8,9,14],[1,8,10,12],
  [1,8,12,15],[1,8,14,15],[1,9,13,14],[1,11,12,15],[1,11,13,14],
  [1,11,14,15],[2,3,4,16],[2,3,5,17],[2,3,12,13],[2,3,12,16],[2,3,13,17],
  [2,4,6,14],[2,4,14,16],[2,5,6,18],[2,5,17,18],[2,6,14,18],[2,7,10,18],
  [2,7,10,19],[2,7,14,18],[2,7,14,19],[2,8,10,11],[2,8,10,18],
  [2,8,11,13],[2,8,13,17],[2,8,17,18],[2,9,12,16],[2,9,12,19],
  [2,9,15,16],[2,9,15,19],[2,10,11,19],[2,11,13,19],[2,12,13,19],
  [2,14,15,16],[2,14,15,19],[3,4,7,18],[3,4,16,19],[3,4,18,19],
  [3,5,7,14],[3,5,14,17],[3,6,13,15],[3,6,13,17],[3,6,14,17],[3,6,14,18],
  [3,6,15,19],[3,6,18,19],[3,7,14,18],[3,8,12,15],[3,8,12,16],
  [3,8,15,19],[3,8,16,19],[3,12,13,15],[4,5,8,9],[4,5,8,11],[4,5,9,15],
  [4,5,10,12],[4,5,10,13],[4,5,11,12],[4,5,13,15],[4,6,8,11],[4,6,11,12],
  [4,6,12,17],[4,6,14,17],[4,7,9,15],[4,7,15,18],[4,10,12,17],
  [4,10,13,14],[4,10,14,17],[4,13,14,16],[4,13,15,18],[4,13,16,19],
  [4,13,18,19],[5,6,10,13],[5,6,13,15],[5,6,15,19],[5,6,18,19],
  [5,7,8,11],[5,7,8,14],[5,8,9,14],[5,9,14,17],[5,9,15,19],[5,9,17,18],
  [5,9,18,19],[6,7,9,12],[6,7,9,13],[6,7,12,17],[6,7,13,17],[6,8,10,11],
  [6,9,10,11],[6,9,10,13],[6,9,11,12],[7,8,11,13],[7,8,13,17],
  [7,8,14,19],[7,8,17,19],[7,9,12,16],[7,9,15,16],[7,10,12,16],
  [7,10,12,17],[7,10,16,18],[7,10,17,19],[7,15,16,18],[8,10,12,16],
  [8,10,16,18],[8,14,15,19],[8,16,17,18],[8,16,17,19],[9,10,11,17],
  [9,10,13,14],[9,10,14,17],[9,11,12,18],[9,11,17,18],[9,12,18,19],
  [10,11,17,19],[11,12,15,18],[11,13,14,16],[11,13,16,19],[11,14,15,16],
  [11,15,16,18],[11,16,17,18],[11,16,17,19],[12,13,15,18],[12,13,18,19]];

##  or_1.64960972   f = (18,147,258,129), g_2 = 85.
##  deg = 14,15,15,16,16,16,16,16,17,17,17,17,17,17,17,17,17,17
##  n_4,... = 0,0,0,0,0,0,0,0,0,0,1,2,5,10
facets:=[[1,2,3,4],[1,2,3,5],[1,2,4,6],[1,2,5,6],[1,3,4,7],[1,3,5,7],
  [1,4,6,8],[1,4,7,8],[1,5,6,9],[1,5,7,10],[1,5,9,11],[1,5,10,11],
  [1,6,8,12],[1,6,9,12],[1,7,8,13],[1,7,10,13],[1,8,12,14],[1,8,13,14],
  [1,9,11,12],[1,10,11,15],[1,10,13,14],[1,10,14,16],[1,10,15,17],
  [1,10,16,17],[1,11,12,15],[1,12,14,16],[1,12,15,17],[1,12,16,17],
  [2,3,4,9],[2,3,5,17],[2,3,9,17],[2,4,6,18],[2,4,9,18],[2,5,6,14],
  [2,5,14,15],[2,5,15,17],[2,6,14,18],[2,7,9,16],[2,7,9,17],[2,7,15,16],
  [2,7,15,17],[2,9,10,13],[2,9,10,16],[2,9,13,18],[2,10,13,14],
  [2,10,14,16],[2,13,14,18],[2,14,15,16],[3,4,7,11],[3,4,9,14],
  [3,4,10,11],[3,4,10,12],[3,4,12,14],[3,5,7,18],[3,5,13,16],[3,5,13,17],
  [3,5,16,18],[3,6,7,11],[3,6,7,18],[3,6,11,15],[3,6,15,18],[3,8,10,12],
  [3,8,10,15],[3,8,12,14],[3,8,13,14],[3,8,13,16],[3,8,15,18],
  [3,8,16,18],[3,9,14,17],[3,10,11,15],[3,13,14,17],[4,5,8,11],
  [4,5,8,17],[4,5,10,11],[4,5,10,12],[4,5,12,16],[4,5,13,16],[4,5,13,17],
  [4,6,8,17],[4,6,13,15],[4,6,13,17],[4,6,15,18],[4,7,8,11],[4,9,14,15],
  [4,9,15,18],[4,12,14,16],[4,13,15,16],[4,14,15,16],[5,6,9,14],
  [5,7,10,12],[5,7,12,18],[5,8,9,11],[5,8,9,15],[5,8,15,17],[5,9,14,15],
  [5,12,16,18],[6,7,9,14],[6,7,9,16],[6,7,11,16],[6,7,14,18],[6,8,10,12],
  [6,8,10,17],[6,9,10,12],[6,9,10,16],[6,10,16,17],[6,11,13,15],
  [6,11,13,17],[6,11,16,17],[7,8,11,16],[7,8,13,16],[7,9,14,17],
  [7,10,12,13],[7,12,13,15],[7,12,15,17],[7,12,17,18],[7,13,15,16],
  [7,14,17,18],[8,9,11,18],[8,9,15,18],[8,10,15,17],[8,11,16,18],
  [9,10,12,13],[9,11,12,13],[9,11,13,18],[11,12,13,15],[11,13,17,18],
  [11,16,17,18],[12,16,17,18],[13,14,17,18]];

##  or_1.75712603   f = (18,140,244,122), g_2 = 78.
##  deg = 13,14,14,15,15,15,15,15,16,16,16,16,16,16,17,17,17,17
##  n_4,... = 0,0,0,0,0,0,0,0,0,1,2,5,6,4
facets:=[[1,2,3,4],[1,2,3,5],[1,2,4,6],[1,2,5,6],[1,3,4,7],[1,3,5,7],
  [1,4,6,8],[1,4,7,9],[1,4,8,9],[1,5,6,10],[1,5,7,11],[1,5,10,11],
  [1,6,8,12],[1,6,10,12],[1,7,9,13],[1,7,11,14],[1,7,13,14],[1,8,9,15],
  [1,8,12,15],[1,9,13,16],[1,9,15,16],[1,10,11,17],[1,10,12,18],
  [1,10,17,18],[1,11,14,17],[1,12,15,18],[1,13,14,16],[1,14,16,18],
  [1,14,17,18],[1,15,16,18],[2,3,4,11],[2,3,5,9],[2,3,8,9],[2,3,8,18],
  [2,3,11,18],[2,4,6,13],[2,4,11,12],[2,4,12,13],[2,5,6,17],[2,5,9,16],
  [2,5,16,17],[2,6,13,17],[2,7,10,13],[2,7,10,16],[2,7,13,17],
  [2,7,16,17],[2,8,9,15],[2,8,10,15],[2,8,10,18],[2,9,15,16],
  [2,10,12,13],[2,10,12,18],[2,10,15,16],[2,11,12,18],[3,4,7,10],
  [3,4,10,11],[3,5,7,12],[3,5,9,12],[3,6,12,14],[3,6,12,16],[3,6,14,15],
  [3,6,15,16],[3,7,10,16],[3,7,12,16],[3,8,9,14],[3,8,13,14],[3,8,13,18],
  [3,9,12,14],[3,10,11,17],[3,10,15,16],[3,10,15,17],[3,11,13,17],
  [3,11,13,18],[3,13,14,15],[3,13,15,17],[4,5,10,11],[4,5,10,14],
  [4,5,11,12],[4,5,12,13],[4,5,13,18],[4,5,14,18],[4,6,8,16],[4,6,13,18],
  [4,6,16,18],[4,7,9,10],[4,8,9,14],[4,8,14,16],[4,9,10,14],[4,14,16,18],
  [5,6,10,14],[5,6,14,17],[5,7,11,12],[5,8,13,16],[5,8,13,18],
  [5,8,16,17],[5,8,17,18],[5,9,12,13],[5,9,13,16],[5,14,17,18],
  [6,8,12,16],[6,10,12,14],[6,11,13,17],[6,11,13,18],[6,11,14,15],
  [6,11,14,17],[6,11,15,18],[6,15,16,18],[7,8,12,15],[7,8,12,16],
  [7,8,15,17],[7,8,16,17],[7,9,10,13],[7,11,12,15],[7,11,14,15],
  [7,13,14,15],[7,13,15,17],[8,10,15,17],[8,10,17,18],[8,13,14,16],
  [9,10,12,13],[9,10,12,14],[11,12,15,18]];
