Vertex 1:
2 3 4 5 
1 2 4 6 
1 2 3 4 
Vertex 2:
1 3 4 6 
1 3 5 9 
1 2 5 6 
Vertex 3:
1 2 5 6 
2 3 7 10 
1 3 5 
Vertex 4:
1 2 5 6 
4 5 8 11 
2 4 6 
Vertex 5:
1 3 4 
6 7 8 
3 4 
Vertex 6:
2 3 4 
9 10 11 
5 6 
Edge 1:
1 2 
2 3 4 5 6 9 
1 2 
Edge 2:
1 3 
1 3 4 6 7 10 
1 3 
Edge 3:
2 3 
2 1 5 7 9 10 
1 5 
Edge 4:
1 4 
1 2 5 6 8 11 
2 4 
Edge 5:
2 4 
4 1 3 8 9 11 
2 6 
Edge 6:
1 5 
1 2 4 7 8 
3 4 
Edge 7:
3 5 
6 2 3 8 10 
3 
Edge 8:
4 5 
6 7 4 5 11 
4 
Edge 9:
2 6 
1 3 5 10 11 
5 6 
Edge 10:
3 6 
9 2 3 7 11 
5 
Edge 11:
4 6 
9 10 4 5 8 
6 
Face 1:
1 2 3 
1 2 3 
2 3 5 
Face 2:
1 2 4 
1 4 5 
1 4 6 
Face 3:
1 3 5 
2 6 7 
1 4 
Face 4:
1 4 5 
4 6 8 
2 3 
Face 5:
2 3 6 
3 9 10 
1 6 
Face 6:
2 4 6 
5 9 11 
2 5 
