Vertex 1:
2 3 4 5 6 
1 2 4 6 8 
1 2 3 4 5 
Vertex 2:
1 3 4 6 7 5 
1 3 5 11 13 15 
1 2 6 7 8 9 
Vertex 3:
1 2 5 6 4 7 8 
2 3 7 12 17 18 19 
1 3 6 10 11 12 13 
Vertex 4:
1 2 6 7 3 8 
4 5 9 14 17 20 
2 4 7 10 11 14 
Vertex 5:
1 3 6 2 7 8 
6 7 10 15 16 21 
3 5 8 9 12 
Vertex 6:
1 4 5 2 3 7 8 
8 9 10 11 12 22 23 
4 5 6 8 13 14 
Vertex 7:
2 4 5 3 6 
13 14 16 18 22 
7 9 10 13 
Vertex 8:
3 4 5 6 
19 20 21 23 
11 12 14 
Edge 1:
1 2 
2 3 4 5 6 8 11 13 15 
1 2 
Edge 2:
1 3 
1 3 4 6 7 8 12 17 18 19 
1 3 
Edge 3:
2 3 
2 1 5 7 11 12 13 15 17 18 19 
1 6 
Edge 4:
1 4 
1 2 5 6 8 9 14 17 20 
2 4 
Edge 5:
2 4 
4 1 3 9 11 13 14 15 17 20 
2 7 
Edge 6:
1 5 
1 2 4 7 8 10 15 16 21 
3 5 
Edge 7:
3 5 
6 2 3 10 12 15 16 17 18 19 21 
3 12 
Edge 8:
1 6 
1 2 4 6 9 10 11 12 22 23 
4 5 
Edge 9:
4 6 
8 4 5 10 11 12 14 17 20 22 23 
4 14 
Edge 10:
5 6 
8 9 6 7 11 12 15 16 21 22 23 
5 8 
Edge 11:
2 6 
8 9 10 1 3 5 12 13 15 22 23 
6 8 
Edge 12:
3 6 
8 9 10 11 2 3 7 17 18 19 22 23 
6 13 
Edge 13:
2 7 
1 3 5 11 14 15 16 18 22 
7 9 
Edge 14:
4 7 
13 4 5 9 16 17 18 20 22 
7 10 
Edge 15:
2 5 
6 7 10 1 3 5 11 13 16 21 
8 9 
Edge 17:
3 4 
4 5 9 14 2 3 7 12 18 19 20 
10 11 
Edge 16:
5 7 
13 14 6 7 10 15 18 21 22 
9 
Edge 19:
3 8 
2 3 7 12 17 18 20 21 23 
11 12 
Edge 18:
3 7 
13 14 16 2 3 7 12 17 19 22 
10 13 
Edge 21:
5 8 
19 20 6 7 10 15 16 23 
12 
Edge 20:
4 8 
19 4 5 9 14 17 21 23 
11 14 
Edge 23:
6 8 
19 20 21 8 9 10 11 12 22 
14 
Edge 22:
6 7 
13 14 16 18 8 9 10 11 12 23 
13 
Face 1:
1 2 3 
1 2 3 
2 3 6 
Face 2:
1 2 4 
1 4 5 
1 4 7 
Face 3:
1 3 5 
2 6 7 
1 5 12 
Face 4:
1 4 6 
4 8 9 
2 5 14 
Face 5:
1 5 6 
6 8 10 
3 4 8 
Face 6:
2 3 6 
3 11 12 
1 8 13 
Face 7:
2 4 7 
5 13 14 
2 9 10 
Face 8:
2 5 6 
15 11 10 
6 5 9 
Face 9:
2 5 7 
15 13 16 
8 7 
Face 10:
3 4 7 
17 18 14 
7 11 13 
Face 11:
3 4 8 
17 19 20 
10 12 14 
Face 12:
3 5 8 
7 19 21 
3 11 
Face 13:
3 6 7 
12 18 22 
6 10 
Face 14:
4 6 8 
9 20 23 
4 11 
