Vertex 1:
2 3 4 5 6 
1 2 4 6 8 
1 2 3 4 5 
Vertex 2:
1 3 4 6 7 8 
1 3 5 11 13 15 
1 2 6 7 8 9 
Vertex 3:
1 2 5 6 8 7 
2 3 7 12 18 20 
1 3 6 10 11 12 
Vertex 4:
1 2 6 7 5 8 
4 5 9 14 22 24 
2 4 7 13 14 
Vertex 5:
1 3 6 8 4 7 
6 7 10 19 22 23 
3 5 10 13 14 
Vertex 6:
1 4 5 2 3 8 7 
8 9 10 11 12 16 21 
4 5 6 8 11 
Vertex 7:
2 4 8 3 6 5 
13 14 17 20 21 23 
7 9 11 12 13 
Vertex 8:
2 6 7 3 5 4 
15 16 17 18 19 24 
8 9 10 12 14 
Edge 1:
1 2 
2 3 4 5 6 8 11 13 15 
1 2 
Edge 2:
1 3 
1 3 4 6 7 8 12 18 20 
1 3 
Edge 3:
2 3 
2 1 5 7 11 12 13 15 18 20 
1 6 
Edge 4:
1 4 
1 2 5 6 8 9 14 22 24 
2 4 
Edge 5:
2 4 
4 1 3 9 11 13 14 15 22 24 
2 7 
Edge 6:
1 5 
1 2 4 7 8 10 19 22 23 
3 5 
Edge 7:
3 5 
6 2 3 10 12 18 19 20 22 23 
3 10 
Edge 8:
1 6 
1 2 4 6 9 10 11 12 16 21 
4 5 
Edge 9:
4 6 
8 4 5 10 11 12 14 16 21 22 24 
4 
Edge 10:
5 6 
8 9 6 7 11 12 16 19 21 22 23 
5 
Edge 11:
2 6 
8 9 10 1 3 5 12 13 15 16 21 
6 8 
Edge 12:
3 6 
8 9 10 11 2 3 7 16 18 20 21 
6 11 
Edge 13:
2 7 
1 3 5 11 14 15 17 20 21 23 
7 9 
Edge 14:
4 7 
13 4 5 9 17 20 21 22 23 24 
7 13 
Edge 15:
2 8 
1 3 5 11 13 16 17 18 19 24 
8 9 
Edge 17:
7 8 
15 16 13 14 18 19 20 21 23 24 
9 12 
Edge 16:
6 8 
15 8 9 10 11 12 17 18 19 21 24 
8 
Edge 19:
5 8 
15 16 17 18 6 7 10 22 23 24 
10 14 
Edge 18:
3 8 
15 16 17 2 3 7 12 19 20 24 
10 12 
Edge 21:
6 7 
13 14 17 20 8 9 10 11 12 16 23 
11 
Edge 20:
3 7 
13 14 17 2 3 7 12 18 21 23 
11 12 
Edge 23:
5 7 
13 14 17 20 21 6 7 10 19 22 
13 
Edge 22:
4 5 
6 7 10 19 4 5 9 14 23 24 
13 14 
Edge 24:
4 8 
15 16 17 18 19 4 5 9 14 22 
14 
Face 1:
1 2 3 
1 2 3 
2 3 6 
Face 2:
1 2 4 
1 4 5 
1 4 7 
Face 3:
1 3 5 
2 6 7 
1 5 10 
Face 4:
1 4 6 
4 8 9 
2 5 
Face 5:
1 5 6 
6 8 10 
3 4 
Face 6:
2 3 6 
3 11 12 
1 8 11 
Face 7:
2 4 7 
5 13 14 
2 9 13 
Face 8:
2 6 8 
11 15 16 
6 9 
Face 9:
2 7 8 
13 15 17 
7 8 12 
Face 10:
3 5 8 
7 18 19 
3 12 14 
Face 11:
3 6 7 
12 20 21 
6 12 
Face 12:
3 7 8 
20 18 17 
11 10 9 
Face 13:
4 5 7 
22 14 23 
7 14 
Face 14:
4 5 8 
22 24 19 
13 10 
