Vertex 1:
2 3 4 5 6 
1 2 4 6 8 
1 2 3 4 5 
Vertex 2:
1 3 4 6 7 5 8 
1 3 5 11 13 15 17 
1 2 6 7 8 9 10 
Vertex 3:
1 2 5 6 8 7 
2 3 7 12 20 21 
1 3 6 11 12 13 
Vertex 4:
1 2 6 7 8 
4 5 9 14 24 
2 4 7 14 
Vertex 5:
1 3 6 2 7 8 
6 7 10 15 16 18 
3 5 8 9 11 
Vertex 6:
1 4 5 2 3 8 7 
8 9 10 11 12 19 22 
4 5 6 10 12 14 
Vertex 7:
2 4 5 3 6 8 
13 14 16 21 22 23 
7 8 12 13 
Vertex 8:
2 5 6 3 7 4 
17 18 19 20 23 24 
9 10 11 13 14 
Edge 1:
1 2 
2 3 4 5 6 8 11 13 15 17 
1 2 
Edge 2:
1 3 
1 3 4 6 7 8 12 20 21 
1 3 
Edge 3:
2 3 
2 1 5 7 11 12 13 15 17 20 21 
1 6 
Edge 4:
1 4 
1 2 5 6 8 9 14 24 
2 4 
Edge 5:
2 4 
4 1 3 9 11 13 14 15 17 24 
2 7 
Edge 6:
1 5 
1 2 4 7 8 10 15 16 18 
3 5 
Edge 7:
3 5 
6 2 3 10 12 15 16 18 20 21 
3 11 
Edge 8:
1 6 
1 2 4 6 9 10 11 12 19 22 
4 5 
Edge 9:
4 6 
8 4 5 10 11 12 14 19 22 24 
4 14 
Edge 10:
5 6 
8 9 6 7 11 12 15 16 18 19 22 
5 
Edge 11:
2 6 
8 9 10 1 3 5 12 13 15 17 19 22 
6 10 
Edge 12:
3 6 
8 9 10 11 2 3 7 19 20 21 22 
6 12 
Edge 13:
2 7 
1 3 5 11 14 15 16 17 21 22 23 
7 8 
Edge 14:
4 7 
13 4 5 9 16 21 22 23 24 
7 
Edge 15:
2 5 
6 7 10 1 3 5 11 13 16 17 18 
8 9 
Edge 17:
2 8 
1 3 5 11 13 15 18 19 20 23 24 
9 10 
Edge 16:
5 7 
13 14 6 7 10 15 18 21 22 23 
8 
Edge 19:
6 8 
17 18 8 9 10 11 12 20 22 23 24 
10 14 
Edge 18:
5 8 
17 6 7 10 15 16 19 20 23 24 
9 11 
Edge 21:
3 7 
13 14 16 2 3 7 12 20 22 23 
12 13 
Edge 20:
3 8 
17 18 19 2 3 7 12 21 23 24 
11 13 
Edge 23:
7 8 
17 18 19 20 13 14 16 21 22 24 
13 
Edge 22:
6 7 
13 14 16 21 8 9 10 11 12 19 23 
12 
Edge 24:
4 8 
17 18 19 20 23 4 5 9 14 
14 
Face 1:
1 2 3 
1 2 3 
2 3 6 
Face 2:
1 2 4 
1 4 5 
1 4 7 
Face 3:
1 3 5 
2 6 7 
1 5 11 
Face 4:
1 4 6 
4 8 9 
2 5 14 
Face 5:
1 5 6 
6 8 10 
3 4 
Face 6:
2 3 6 
3 11 12 
1 10 12 
Face 7:
2 4 7 
5 13 14 
2 8 
Face 8:
2 5 7 
15 13 16 
7 9 
Face 9:
2 5 8 
15 17 18 
8 10 11 
Face 10:
2 6 8 
11 17 19 
6 9 14 
Face 11:
3 5 8 
7 20 18 
3 9 13 
Face 12:
3 6 7 
12 21 22 
6 13 
Face 13:
3 7 8 
21 20 23 
12 11 
Face 14:
4 6 8 
9 24 19 
4 10 
