Vertex 1:
2 3 4 5 6 7 
1 2 4 6 8 10 
1 2 3 4 5 6 
Vertex 2:
1 3 4 
1 3 5 
1 2 
Vertex 3:
1 2 5 
2 3 7 
1 3 
Vertex 4:
1 2 6 
4 5 9 
2 4 
Vertex 5:
1 3 7 
6 7 11 
3 5 
Vertex 6:
1 4 7 
8 9 12 
4 6 
Vertex 7:
1 5 6 
10 11 12 
5 6 
Edge 1:
1 2 
2 3 4 5 6 8 10 
1 2 
Edge 2:
1 3 
1 3 4 6 7 8 10 
1 3 
Edge 3:
2 3 
2 1 5 7 
1 
Edge 4:
1 4 
1 2 5 6 8 9 10 
2 4 
Edge 5:
2 4 
4 1 3 9 
2 
Edge 6:
1 5 
1 2 4 7 8 10 11 
3 5 
Edge 7:
3 5 
6 2 3 11 
3 
Edge 8:
1 6 
1 2 4 6 9 10 12 
4 6 
Edge 9:
4 6 
8 4 5 12 
4 
Edge 10:
1 7 
1 2 4 6 8 11 12 
5 6 
Edge 11:
5 7 
10 6 7 12 
5 
Edge 12:
6 7 
10 11 8 9 
6 
Face 1:
1 2 3 
1 2 3 
2 3 
Face 2:
1 2 4 
1 4 5 
1 4 
Face 3:
1 3 5 
2 6 7 
1 5 
Face 4:
1 4 6 
4 8 9 
2 6 
Face 5:
1 5 7 
6 10 11 
3 6 
Face 6:
1 6 7 
8 10 12 
4 5 
