Vertex 1:
2 3 4 5 6 
1 2 4 6 8 
1 2 3 4 5 
Vertex 2:
1 3 4 6 5 7 8 
1 3 5 11 13 15 17 
1 2 6 7 8 9 10 
Vertex 3:
1 2 5 6 4 8 7 
2 3 7 12 20 21 23 
1 3 6 11 12 13 14 
Vertex 4:
1 2 6 5 3 8 
4 5 9 14 20 22 
2 4 7 11 12 
Vertex 5:
1 3 6 2 4 7 
6 7 10 13 14 16 
3 5 7 8 11 
Vertex 6:
1 4 5 2 3 8 7 
8 9 10 11 12 18 24 
4 5 6 9 13 
Vertex 7:
2 5 8 3 6 
15 16 19 23 24 
8 10 13 14 
Vertex 8:
2 6 7 3 4 
17 18 19 21 22 
9 10 12 14 
Edge 1:
1 2 
2 3 4 5 6 8 11 13 15 17 
1 2 
Edge 2:
1 3 
1 3 4 6 7 8 12 20 21 23 
1 3 
Edge 3:
2 3 
2 1 5 7 11 12 13 15 17 20 21 23 
1 6 
Edge 4:
1 4 
1 2 5 6 8 9 14 20 22 
2 4 
Edge 5:
2 4 
4 1 3 9 11 13 14 15 17 20 22 
2 7 
Edge 6:
1 5 
1 2 4 7 8 10 13 14 16 
3 5 
Edge 7:
3 5 
6 2 3 10 12 13 14 16 20 21 23 
3 11 
Edge 8:
1 6 
1 2 4 6 9 10 11 12 18 24 
4 5 
Edge 9:
4 6 
8 4 5 10 11 12 14 18 20 22 24 
4 
Edge 10:
5 6 
8 9 6 7 11 12 13 14 16 18 24 
5 
Edge 11:
2 6 
8 9 10 1 3 5 12 13 15 17 18 24 
6 9 
Edge 12:
3 6 
8 9 10 11 2 3 7 18 20 21 23 24 
6 13 
Edge 13:
2 5 
6 7 10 1 3 5 11 14 15 16 17 
7 8 
Edge 14:
4 5 
6 7 10 13 4 5 9 16 20 22 
7 11 
Edge 15:
2 7 
1 3 5 11 13 16 17 19 23 24 
8 10 
Edge 17:
2 8 
1 3 5 11 13 15 18 19 21 22 
9 10 
Edge 16:
5 7 
15 6 7 10 13 14 19 23 24 
8 
Edge 19:
7 8 
17 18 15 16 21 22 23 24 
10 14 
Edge 18:
6 8 
17 8 9 10 11 12 19 21 22 24 
9 
Edge 21:
3 8 
17 18 19 2 3 7 12 20 22 23 
12 14 
Edge 20:
3 4 
4 5 9 14 2 3 7 12 21 22 23 
11 12 
Edge 23:
3 7 
15 16 19 2 3 7 12 20 21 24 
13 14 
Edge 22:
4 8 
17 18 19 21 4 5 9 14 20 
12 
Edge 24:
6 7 
15 16 19 23 8 9 10 11 12 18 
13 
Face 1:
1 2 3 
1 2 3 
2 3 6 
Face 2:
1 2 4 
1 4 5 
1 4 7 
Face 3:
1 3 5 
2 6 7 
1 5 11 
Face 4:
1 4 6 
4 8 9 
2 5 
Face 5:
1 5 6 
6 8 10 
3 4 
Face 6:
2 3 6 
3 11 12 
1 9 13 
Face 7:
2 4 5 
5 13 14 
2 8 11 
Face 8:
2 5 7 
13 15 16 
7 10 
Face 9:
2 6 8 
11 17 18 
6 10 
Face 10:
2 7 8 
15 17 19 
8 9 14 
Face 11:
3 4 5 
20 7 14 
3 7 12 
Face 12:
3 4 8 
20 21 22 
11 14 
Face 13:
3 6 7 
12 23 24 
6 14 
Face 14:
3 7 8 
23 21 19 
13 12 10 
