Vertex 1:
2 3 4 
1 2 4 
1 2 3 
Vertex 2:
1 3 4 5 6 7 8 
1 3 5 7 9 11 13 
1 2 4 5 6 7 8 
Vertex 3:
1 2 4 5 7 8 6 
2 3 6 8 16 18 20 
1 3 4 9 10 11 12 
Vertex 4:
1 2 3 6 7 5 8 
4 5 6 10 17 22 24 
2 3 5 9 13 14 
Vertex 5:
2 3 7 8 4 6 
7 8 12 19 22 23 
4 6 10 13 14 
Vertex 6:
2 4 8 3 7 5 
9 10 14 20 21 23 
5 7 11 12 13 
Vertex 7:
2 5 8 3 4 6 
11 12 15 16 17 21 
6 8 9 11 
Vertex 8:
2 6 7 3 5 4 
13 14 15 18 19 24 
7 8 10 12 14 
Edge 1:
1 2 
2 3 4 5 7 9 11 13 
1 2 
Edge 2:
1 3 
1 3 4 6 8 16 18 20 
1 3 
Edge 3:
2 3 
2 1 5 6 7 8 9 11 13 16 18 20 
1 4 
Edge 4:
1 4 
1 2 5 6 10 17 22 24 
2 3 
Edge 5:
2 4 
4 1 3 6 7 9 10 11 13 17 22 24 
2 5 
Edge 6:
3 4 
4 5 2 3 8 10 16 17 18 20 22 24 
3 9 
Edge 7:
2 5 
1 3 5 8 9 11 12 13 19 22 23 
4 6 
Edge 8:
3 5 
7 2 3 6 12 16 18 19 20 22 23 
4 10 
Edge 9:
2 6 
1 3 5 7 10 11 13 14 20 21 23 
5 7 
Edge 10:
4 6 
9 4 5 6 14 17 20 21 22 23 24 
5 13 
Edge 11:
2 7 
1 3 5 7 9 12 13 15 16 17 21 
6 8 
Edge 12:
5 7 
11 7 8 15 16 17 19 21 22 23 
6 
Edge 13:
2 8 
1 3 5 7 9 11 14 15 18 19 24 
7 8 
Edge 14:
6 8 
13 9 10 15 18 19 20 21 23 24 
7 12 
Edge 15:
7 8 
13 14 11 12 16 17 18 19 21 24 
8 
Edge 17:
4 7 
11 12 15 16 4 5 6 10 21 22 24 
9 
Edge 16:
3 7 
11 12 15 2 3 6 8 17 18 20 21 
9 11 
Edge 19:
5 8 
13 14 15 18 7 8 12 22 23 24 
10 14 
Edge 18:
3 8 
13 14 15 2 3 6 8 16 19 20 24 
10 12 
Edge 21:
6 7 
11 12 15 16 17 9 10 14 20 23 
11 
Edge 20:
3 6 
9 10 14 2 3 6 8 16 18 21 23 
11 12 
Edge 23:
5 6 
9 10 14 20 21 7 8 12 19 22 
13 
Edge 22:
4 5 
7 8 12 19 4 5 6 10 17 23 24 
13 14 
Edge 24:
4 8 
13 14 15 18 19 4 5 6 10 17 22 
14 
Face 1:
1 2 3 
1 2 3 
2 3 4 
Face 2:
1 2 4 
1 4 5 
1 3 5 
Face 3:
1 3 4 
2 4 6 
1 2 9 
Face 4:
2 3 5 
3 7 8 
1 6 10 
Face 5:
2 4 6 
5 9 10 
2 7 13 
Face 6:
2 5 7 
7 11 12 
4 8 
Face 7:
2 6 8 
9 13 14 
5 8 12 
Face 8:
2 7 8 
11 13 15 
6 7 
Face 9:
3 4 7 
6 16 17 
3 11 
Face 10:
3 5 8 
8 18 19 
4 12 14 
Face 11:
3 6 7 
20 16 21 
9 12 
Face 12:
3 6 8 
20 18 14 
11 10 7 
Face 13:
4 5 6 
22 10 23 
5 14 
Face 14:
4 5 8 
22 24 19 
13 10 
