Vertex 1:
2 3 4 
1 2 4 
1 2 3 
Vertex 2:
1 3 4 5 6 7 
1 3 5 7 9 11 
1 2 4 5 6 
Vertex 3:
1 2 4 5 
2 3 6 8 
1 3 4 
Vertex 4:
1 2 3 6 
4 5 6 10 
2 3 5 
Vertex 5:
2 3 7 
7 8 12 
4 6 
Vertex 6:
2 4 
9 10 
5 
Vertex 7:
2 5 
11 12 
6 
Edge 1:
1 2 
2 3 4 5 7 9 11 
1 2 
Edge 2:
1 3 
1 3 4 6 8 
1 3 
Edge 3:
2 3 
2 1 5 6 7 8 9 11 
1 4 
Edge 4:
1 4 
1 2 5 6 10 
2 3 
Edge 5:
2 4 
4 1 3 6 7 9 10 11 
2 5 
Edge 6:
3 4 
4 5 2 3 8 10 
3 
Edge 7:
2 5 
1 3 5 8 9 11 12 
4 6 
Edge 8:
3 5 
7 2 3 6 12 
4 
Edge 9:
2 6 
1 3 5 7 10 11 
5 
Edge 10:
4 6 
9 4 5 6 
5 
Edge 11:
2 7 
1 3 5 7 9 12 
6 
Edge 12:
5 7 
11 7 8 
6 
Face 1:
1 2 3 
1 2 3 
2 3 4 
Face 2:
1 2 4 
1 4 5 
1 3 5 
Face 3:
1 3 4 
2 4 6 
1 2 
Face 4:
2 3 5 
3 7 8 
1 6 
Face 5:
2 4 6 
5 9 10 
2 
Face 6:
2 5 7 
7 11 12 
4 
