Vertex: 1
2 3 4 5 6
1 2 5 6 10 11 13 14 15 18 19 23
1 2 3 6 7 8 9 10 12 13 15 16
Vertex: 2
1 3 4
1 2 7 8 9 12
1 2 4 5 7 8
Vertex: 3
1 2 4
3 4 5 6 9 12
1 3 4 5 6 8
Vertex: 4
1 2 3 5 6
3 4 7 8 10 11 13 16 17 20 21 23
2 3 4 5 6 7 9 11 12 13 14 16
Vertex: 5
1 4 6
14 15 20 21 22 24
9 10 11 14 15 16
Vertex: 6
1 4 5
16 17 18 19 22 24
10 11 12 13 14 15
Edge: 1
1 2
2 5 6 7 8 9 10 11 12 13 14 15 18 19 23
1 7
Edge: 2
1 2
1 5 6 7 8 9 10 11 12 13 14 15 18 19 23
2 8
Edge: 3
3 4
4 5 6 7 8 9 10 11 12 13 16 17 20 21 23
3 5
Edge: 4
3 4
3 5 6 7 8 9 10 11 12 13 16 17 20 21 23
4 6
Edge: 5
1 3
1 2 3 4 6 9 10 11 12 13 14 15 18 19 23
1 6
Edge: 6
1 3
1 2 3 4 5 9 10 11 12 13 14 15 18 19 23
3 8
Edge: 7
2 4
1 2 3 4 8 9 10 11 12 13 16 17 20 21 23
2 5
Edge: 8
2 4
1 2 3 4 7 9 10 11 12 13 16 17 20 21 23
4 7
Edge: 9
2 3
1 2 3 4 5 6 7 8 12
1 5
Edge: 10
1 4
1 2 3 4 5 6 7 8 11 13 14 15 16 17 18 19 20 21 23
2 9
Edge: 11
1 4
1 2 3 4 5 6 7 8 10 13 14 15 16 17 18 19 20 21 23
3 7
Edge: 12
2 3
1 2 3 4 5 6 7 8 9
4 8
Edge: 13
1 4
1 2 3 4 5 6 7 8 10 11 14 15 16 17 18 19 20 21 23
6 13
Edge: 14
1 5
1 2 5 6 10 11 13 15 18 19 20 21 22 23 24
10 16
Edge: 15
1 5
1 2 5 6 10 11 13 14 18 19 20 21 22 23 24
12 15
Edge: 16
4 6
3 4 7 8 10 11 13 17 18 19 20 21 22 23 24
12 14
Edge: 17
4 6
3 4 7 8 10 11 13 16 18 19 20 21 22 23 24
11 13
Edge: 18
1 6
1 2 5 6 10 11 13 14 15 16 17 19 22 23 24
10 23
Edge: 19
1 6
1 2 5 6 10 11 13 14 15 16 17 18 22 23 24
12 15
Edge: 20
4 5
3 4 7 8 10 11 13 14 15 16 17 21 22 23 24
9 14
Edge: 21
4 5
3 4 7 8 10 11 13 14 15 16 17 20 22 23 24
11 16
Edge: 22
5 6
14 15 16 17 18 19 20 21 24
10 14
Edge: 23
1 4
1 2 3 4 5 6 7 8 10 11 13 14 15 16 17 18 19 20 21
12 16
Edge: 24
5 6
14 15 16 17 18 19 20 21 22
11 15
Face: 1
1 2 3
1 5 9
5 6 7
Face: 2
1 2 4
2 7 10
5 8 9
Face: 3
1 3 4
3 6 11
5 7 8
Face: 4
2 3 4
4 8 12
6 7 8
Face: 5
2 3 4
3 7 9
1 2 3
Face: 6
1 3 4
4 5 13
1 4 13
Face: 7
1 2 4
1 8 11
1 3 4
Face: 8
1 2 3
2 6 12
2 3 4
Face: 9
1 4 5
10 15 20
2 14 15
Face: 10
1 5 6
14 18 22
13 14 16
Face: 11
4 5 6
17 21 24
13 15 16
Face: 12
1 4 6
16 19 23
14 15 16
Face: 13
1 4 6
13 17 18
6 10 11
Face: 14
4 5 6
16 20 22
9 10 12
Face: 15
1 5 6
15 19 24
9 11 12
Face: 16
1 4 5
14 21 23
10 11 12