Vertex: 1
2 3 7 9 13 14
1 2 4 5 12 41 
1 2 5 6 25 28 
Vertex: 9
1 3 7 8 10 11
1 3 9 35 36 37 
1 4 21 22 25 26 
Vertex: 7
1 5 6 8 9 13
2 3 10 11 16 17 
1 4 5 8 9 12 
Vertex: 2
1 3 4 8 10 14
4 6 7 38 39 40 
2 3 23 24 27 28 
Vertex: 14
1 2 6 8 12 13
5 6 8 13 14 20 
2 3 6 7 10 11 
Vertex: 8
2 6 7 9 10 14
7 8 9 10 15 42 
3 4 7 8 26 27 
Vertex: 13
1 5 7 11 12 14
11 12 13 18 19 24 
5 6 9 10 13 14 
Vertex: 6
4 5 7 8 12 14
14 15 16 21 22 26 
7 8 11 12 15 16 
Vertex: 5
3 4 6 7 11 13
17 18 22 23 28 29 
9 12 13 16 17 20 
Vertex: 12
4 6 10 11 13 14
19 20 21 25 27 32 
10 11 14 15 18 19 
Vertex: 11
3 5 9 10 12 13
23 24 25 30 31 36 
13 14 17 18 21 22 
Vertex: 4
2 3 5 6 10 12
26 27 28 33 34 38 
15 16 19 20 23 24 
Vertex: 3
1 2 4 5 9 11
29 30 34 35 40 41 
17 20 21 24 25 28 
Vertex: 10
2 4 8 9 11 12
31 32 33 37 39 42 
18 19 22 23 26 27 
Edge: 1
1 9
2 3 4 5 9 12 35 36 37 41 
1 25 
Edge: 2
1 7
1 3 4 5 10 11 12 16 17 41 
1 5 
Edge: 3
9 7
1 2 9 10 11 16 17 35 36 37 
1 4 
Edge: 4
1 2
1 2 5 6 7 12 38 39 40 41 
2 28 
Edge: 5
1 14
1 2 4 6 8 12 13 14 20 41 
2 6 
Edge: 6
2 14
4 5 7 8 13 14 20 38 39 40 
2 3 
Edge: 7
2 8
4 6 8 9 10 15 38 39 40 42 
3 27 
Edge: 8
8 14
5 6 7 9 10 13 14 15 20 42 
3 7 
Edge: 9
9 8
1 3 7 8 10 15 35 36 37 42 
4 26 
Edge: 10
8 7
2 3 7 8 9 11 15 16 17 42 
4 8 
Edge: 11
7 13
2 3 10 12 13 16 17 18 19 24 
5 9 
Edge: 12
1 13
1 2 4 5 11 13 18 19 24 41 
5 6 
Edge: 13
14 13
5 6 8 11 12 14 18 19 20 24 
6 10 
Edge: 14
14 6
5 6 8 13 15 16 20 21 22 26 
7 11 
Edge: 15
6 8
7 8 9 10 14 16 21 22 26 42 
7 8 
Edge: 16
6 7
2 3 10 11 14 15 17 21 22 26 
8 12 
Edge: 17
5 7
2 3 10 11 16 18 22 23 28 29 
9 12 
Edge: 18
5 13
11 12 13 17 19 22 23 24 28 29 
9 13 
Edge: 19
13 12
11 12 13 18 20 21 24 25 27 32 
10 14 
Edge: 20
12 14
5 6 8 13 14 19 21 25 27 32 
10 11 
Edge: 21
12 6
14 15 16 19 20 22 25 26 27 32 
11 15 
Edge: 22
5 6
14 15 16 17 18 21 23 26 28 29 
12 16 
Edge: 23
5 11
17 18 22 24 25 28 29 30 31 36 
13 17 
Edge: 24
11 13
11 12 13 18 19 23 25 30 31 36 
13 14 
Edge: 25
11 12
19 20 21 23 24 27 30 31 32 36 
14 18 
Edge: 26
4 6
14 15 16 21 22 27 28 33 34 38 
15 16 
Edge: 27
4 12
19 20 21 25 26 28 32 33 34 38 
15 19 
Edge: 28
5 4
17 18 22 23 26 27 29 33 34 38 
16 20 
Edge: 29
3 5
17 18 22 23 28 30 34 35 40 41 
17 20 
Edge: 30
3 11
23 24 25 29 31 34 35 36 40 41 
17 21 
Edge: 31
10 11
23 24 25 30 32 33 36 37 39 42 
18 22 
Edge: 32
10 12
19 20 21 25 27 31 33 37 39 42 
18 19 
Edge: 33
10 4
26 27 28 31 32 34 37 38 39 42 
19 23 
Edge: 34
3 4
26 27 28 29 30 33 35 38 40 41 
20 24 
Edge: 35
3 9
1 3 9 29 30 34 36 37 40 41 
21 25 
Edge: 36
9 11
1 3 9 23 24 25 30 31 35 37 
21 22 
Edge: 37
9 10
1 3 9 31 32 33 35 36 39 42 
22 26 
Edge: 38
2 4
4 6 7 26 27 28 33 34 39 40 
23 24 
Edge: 39
2 10
4 6 7 31 32 33 37 38 40 42 
23 27 
Edge: 40
2 3
4 6 7 29 30 34 35 38 39 41 
24 28 
Edge: 41
1 3
1 2 4 5 12 29 30 34 35 40 
25 28 
Edge: 42
8 10
7 8 9 10 15 31 32 33 37 39 
26 27 
Face: 1
1 9 7 
1 2 3 
4 5 25 
Face: 2
1 2 14 
4 5 6 
3 6 28 
Face: 3
2 8 14 
6 7 8 
2 7 27 
Face: 4
9 8 7 
3 9 10 
1 8 26 
Face: 5
7 1 13 
2 11 12 
1 6 9 
Face: 6
1 14 13 
5 12 13 
2 5 10 
Face: 7
14 6 8 
8 14 15 
3 8 11 
Face: 8
6 7 8 
10 15 16 
4 7 12 
Face: 9
5 7 13 
11 17 18 
5 12 13 
Face: 10
13 12 14 
13 19 20 
6 11 14 
Face: 11
12 6 14 
14 20 21 
7 10 15 
Face: 12
5 6 7 
16 17 22 
8 9 16 
Face: 13
5 11 13 
18 23 24 
9 14 17 
Face: 14
11 12 13 
19 24 25 
10 13 18 
Face: 15
4 6 12 
21 26 27 
11 16 19 
Face: 16
5 6 4 
22 26 28 
12 15 20 
Face: 17
3 5 11 
23 29 30 
13 20 21 
Face: 18
10 11 12 
25 31 32 
14 19 22 
Face: 19
10 4 12 
27 32 33 
15 18 23 
Face: 20
3 4 5 
28 29 34 
16 17 24 
Face: 21
3 9 11 
30 35 36 
17 22 25 
Face: 22
9 10 11 
31 36 37 
18 21 26 
Face: 23
2 4 10 
33 38 39 
19 24 27 
Face: 24
2 3 4 
34 38 40 
20 23 28 
Face: 25
1 3 9 
1 35 41 
1 21 28 
Face: 26
8 9 10 
9 37 42 
4 22 27 
Face: 27
2 8 10 
7 39 42 
3 23 26 
Face: 28
1 2 3 
4 40 41 
2 24 25 
