1
<<<<<<< .mine
13        -0.822862               6.8381
7         5.45017                 8.05801
4         0                       0
=======
1         0                       0
2         1                       0
3         0.5                     0.866025
>>>>>>> .r403

1
<<<<<<< .mine
8         -0.0254793              -3.94705
2         1.43103                 -10.6382
3         14.6273                 0
=======
1         0                       0
2         1                       0
4         1.86098                 -0.508635
>>>>>>> .r403

1
<<<<<<< .mine
5         13.6026                 5.05029
1         10.3932                 6.99973
9         7.91523                 11.7078
=======
1         0                       0
3         0.5                     0.866025
5         -0.870982               -0.491315
>>>>>>> .r403

1
<<<<<<< .mine
2         1.43103                 -10.6382
12        18.9422                 -26.1015
3         14.6273                 0
=======
2         1                       0
3         0.5                     0.866025
6         0.51                    1.86598
>>>>>>> .r403

1
<<<<<<< .mine
7         5.45017                 8.05801
5         13.6026                 5.05029
9         7.91523                 11.7078
=======
4         1.86098                 -0.508635
5         -0.870982               -0.491315
1         0                       0
>>>>>>> .r403

1
<<<<<<< .mine
4         0                       0
7         5.45017                 8.05801
3         14.6273                 0
=======
4         1.86098                 -0.508635
6         0.51                    1.86598
2         1                       0
>>>>>>> .r403

<<<<<<< .mine
-1
9         7.91523                 11.7078
1         10.3932                 6.99973
5         13.6026                 5.05029
=======
1
5         -0.870982               -0.491315
6         0.51                    1.86598
3         0.5                     0.866025
>>>>>>> .r403

<<<<<<< .mine
1
5         13.6026                 5.05029
3         14.6273                 0
10        17.2847                 0.666511

-1
6         21.0984                 -10.8665
11        13.8197                 -5.90942
2         1.43103                 -10.6382

-1
12        18.9422                 -26.1015
2         1.43103                 -10.6382
6         21.0984                 -10.8665

1
5         13.6026                 5.05029
7         5.45017                 8.05801
3         14.6273                 0

1
3         14.6273                 0
4         0                       0
8         -0.0254793              -3.94705

=======
>>>>>>> .r403
