Vertex: 1
2 3 4 5 6 7
1 2 3 7 10 13
1 2 3 5 7 9
Vertex: 2
1 3 4 5 6 8
1 4 5 8 11 16
1 4 6 7 8 12
Vertex: 3
1 2 4 6 7 8
2 5 6 12 14 17
2 8 9 10 11 12
Vertex: 4
1 2 3 5 7 8
3 4 6 9 15 18
3 4 5 6 10 11
Vertex: 5
1 2 4
7 8 9
1 5 6
Vertex: 6
1 2 3
10 11 12
2 7 8
Vertex: 7
1 3 4
13 14 15
3 9 10
Vertex: 8
2 3 4
16 17 18
4 11 12
Edge: 1
1 2
2 3 4 5 7 8 10 11 13 16
1 7
Edge: 2
1 3
1 3 5 6 7 10 12 13 14 17
2 9
Edge: 3
1 4
1 2 4 6 7 9 10 13 15 18
3 5
Edge: 4
2 4
1 3 5 6 8 9 11 15 16 18
4 6
Edge: 5
2 3
1 2 4 6 8 11 12 14 16 17
8 12
Edge: 6
3 4
2 3 4 5 9 12 14 15 17 18
10 11
Edge: 7
1 5
1 2 3 8 9 10 13
1 5
Edge: 8
2 5
1 4 5 7 9 11 16
1 6
Edge: 9
4 5
3 4 6 7 8 15 18
5 6
Edge: 10
1 6
1 2 3 7 11 12 13
2 7
Edge: 11
2 6
1 4 5 8 10 12 16
2 8
Edge: 12
3 6
2 5 6 10 11 14 17
2 8
Edge: 13
1 7
1 2 3 7 10 14 15
3 9
Edge: 14
3 7
2 5 6 12 13 15 17
9 10
Edge: 15
4 7
3 4 6 9 13 14 18
3 10
Edge: 16
2 8
1 4 5 8 11 17 18
4 12
Edge: 17
3 8
2 5 6 12 14 16 18
11 12
Edge: 18
4 8
3 4 6 9 15 16 17
4 11
Face: 1
1 2 5
1 7 8
5 6 7
Face: 2
1 3 6
2 10 12
7 8 9
Face: 3
1 4 7
3 13 15
5 9 20
Face: 4
2 4 8
4 16 18
6 11 12
Face: 5
1 4 5
3 7 9
1 3 6
Face: 6
2 4 5
4 8 9
1 4 5
Face: 7
1 2 6
1 10 11
1 2 8
Face: 8
2 3 6
5 11 12
2 7 12
Face: 9
1 3 7
2 13 14
2 3 10
Face: 10
3 4 7
6 14 15
3 9 11
Face: 11
3 4 8
6 17 18
4 10 12
Face: 12
2 3 8
5 16 17
4 8 11