Vertex: 1
2 3 4 5 6 7 
1 2 3 7 10 14 
1 2 3 5 6 8 9 11 13 14 16 18 
1 2 3 4 5 6 7 8 
Vertex: 2
1 3 4 5 6 
1 4 5 8 11 
1 2 4 5 7 8 10 12 21 
1 2 3 4 9 10 
Vertex: 3
1 2 4 5 7 
2 4 6 9 15 
1 3 4 6 7 13 15 17 22 
1 2 5 6 9 11 
Vertex: 4
1 2 3 5 6 7 
3 5 6 12 16 19 
2 3 4 9 10 14 15 19 21 22 23 24 
1 3 5 7 9 10 11 12 
Vertex: 5
1 2 3 4 6 7 
7 8 9 13 17 19 
5 6 7 11 12 16 17 20 21 22 23 24 
2 4 6 8 9 10 11 12 
Vertex: 6
1 2 4 5 7 
10 11 12 13 18 
8 9 10 11 12 18 19 20 23 
3 4 7 8 10 12 
Vertex: 7
1 3 4 5 6 
14 15 16 17 18 
13 14 15 16 17 18 19 20 24 
5 6 7 8 11 12 
Edge: 1
1 2
2 3 4 5 7 8 10 11 14 
1 2 5 8 
1 2 3 4 
Edge: 2
1 3
1 3 4 6 7 9 10 14 15 
1 3 6 13 
1 2 5 6 
Edge: 3
1 4
1 2 5 6 7 10 12 14 16 19 
2 3 9 14 
1 3 5 7 
Edge: 4
2 3
1 2 5 6 8 9 11 15 
1 4 7 
1 2 9 
Edge: 5
2 4
1 3 4 6 8 11 12 16 19 
2 4 10 21 
1 3 9 10 
Edge: 6
3 4
2 3 4 5 9 12 15 16 19 
3 4 15 22 
1 5 9 11 
Edge: 7
1 5
1 2 3 8 9 10 13 14 17 19 
5 6 11 16 
2 4 6 8 
Edge: 8
2 5
1 4 5 7 9 11 13 17 19 
5 7 12 21 
2 4 9 10 
Edge: 9
3 5
2 4 6 7 8 13 15 17 19 
6 7 17 22 
2 6 9 11 
Edge: 10
1 6
1 2 3 7 11 12 13 14 18 
8 9 11 18 
3 4 7 8 
Edge: 11
2 6
1 4 5 8 10 12 13 18 
8 10 12 
3 4 10 
Edge: 12
4 6
3 5 6 10 11 13 16 18 19 
9 10 19 23 
3 7 10 12 
Edge: 13
5 6
7 8 9 10 11 12 17 18 19 
11 12 20 23 
4 8 10 12 
Edge: 14
1 7
1 2 3 7 10 15 16 17 18 
13 14 16 18 
5 6 7 8 
Edge: 15
3 7
2 4 6 9 14 16 17 18 
13 15 17 
5 6 11 
Edge: 16
4 7
3 5 6 12 14 15 17 18 19 
14 15 19 24 
5 7 11 12 
Edge: 17
5 7
7 8 9 13 14 15 16 18 19 
16 17 20 24 
6 8 11 12 
Edge: 18
6 7
10 11 12 13 14 15 16 17 
18 19 20 
7 8 12 
Edge: 19
4 5
3 5 6 7 8 9 12 13 16 17 
21 22 23 24 
9 10 11 12 
Face: 1
1 2 3
1 2 4 
2 3 4 5 6 7 8 13 
1 2 
Face: 2
1 2 4
1 3 5 
1 3 4 5 8 9 10 14 21 
1 3 
Face: 3
1 3 4
2 3 6 
1 2 4 6 9 13 14 15 22 
1 5 
Face: 4
2 3 4
4 5 6 
1 2 3 7 10 15 21 22 
1 9 
Face: 5
1 2 5
1 7 8 
1 2 6 7 8 11 12 16 21 
2 4 
Face: 6
1 3 5
2 7 9 
1 3 5 7 11 13 16 17 22 
2 6 
Face: 7
2 3 5
4 8 9 
1 4 5 6 12 17 21 22 
2 9 
Face: 8
1 2 6
1 10 11 
1 2 5 9 10 11 12 18 
3 4 
Face: 9
1 4 6
3 10 12 
2 3 8 10 11 14 18 19 23 
3 7 
Face: 10
2 4 6
5 11 12 
2 4 8 9 12 19 21 23 
3 10 
Face: 11
1 5 6
7 10 13 
5 6 8 9 12 16 18 20 23 
4 8 
Face: 12
2 5 6
8 11 13 
5 7 8 10 11 20 21 23 
4 10 
Face: 13
1 3 7
2 14 15 
1 3 6 14 15 16 17 18 
5 6 
Face: 14
1 4 7
3 14 16 
2 3 9 13 15 16 18 19 24 
5 7 
Face: 15
3 4 7
6 15 16 
3 4 13 14 17 19 22 24 
5 11 
Face: 16
1 5 7
7 14 17 
5 6 11 13 14 17 18 20 24 
6 8 
Face: 17
3 5 7
9 15 17 
6 7 13 15 16 20 22 24 
6 11 
Face: 18
1 6 7
10 14 18 
8 9 11 13 14 16 19 20 
7 8 
Face: 19
4 6 7
12 16 18 
9 10 14 15 18 20 23 24 
7 12 
Face: 20
5 6 7
13 17 18 
11 12 16 17 18 19 23 24 
8 12 
Face: 21
2 4 5
5 8 19 
2 4 5 7 10 12 22 23 24 
9 10 
Face: 22
3 4 5
6 9 19 
3 4 6 7 15 17 21 23 24 
9 11 
Face: 23
4 5 6
12 13 19 
9 10 11 12 19 20 21 22 24 
10 12 
Face: 24
4 5 7
16 17 19 
14 15 16 17 19 20 21 22 23 
11 12 
Tetra: 1
1 2 3 4 
1 2 3 4 5 6 
1 2 3 4 
2 3 5 9 
Tetra: 2
1 2 3 5 
1 2 4 7 8 9 
1 5 6 7 
1 4 6 9 
Tetra: 3
1 2 4 6 
1 3 5 10 11 12 
2 8 9 10 
1 4 7 10 
Tetra: 4
1 2 5 6 
1 7 8 10 11 13 
5 8 11 12 
2 3 8 10 
Tetra: 5
1 3 4 7 
2 3 6 14 15 16 
3 13 14 15 
1 6 7 11 
Tetra: 6
1 3 5 7 
2 7 9 14 15 17 
6 13 16 17 
2 5 8 11 
Tetra: 7
1 4 6 7 
3 10 12 14 16 18 
9 14 18 19 
3 5 8 12 
Tetra: 8
1 5 6 7 
7 10 13 14 17 18 
11 16 18 20 
4 6 7 12 
Tetra: 9
2 3 4 5 
4 5 6 8 9 19 
4 7 21 22 
1 2 10 11 
Tetra: 10
2 4 5 6 
5 8 11 12 13 19 
10 12 21 23 
3 4 9 12 
Tetra: 11
3 4 5 7 
6 9 15 16 17 19 
15 17 22 24 
5 6 9 12 
Tetra: 12
4 5 6 7 
12 13 16 17 18 19 
19 20 23 24 
7 8 10 11 
